1.00 0.98 0.83 0.26 0.03 0.00 0.00 0.00 0.00 0.00 0.00 0.00 0.00 0.00 0.00 0.00 0.00 0.00 0.00 0.00 0.00 0.00 0.02 0.01 0.01 0.19 0.60 0.11 0.13 0.84 0.59 0.06 0.13 0.02 0.04 0.00 
0.98 1.00 0.99 0.83 0.44 0.02 0.00 0.00 0.00 0.00 0.00 0.00 0.00 0.00 0.00 0.00 0.00 0.00 0.00 0.01 0.00 0.01 0.26 0.14 0.05 0.50 0.86 0.17 0.09 0.58 0.25 0.01 0.01 0.00 0.01 0.00 
0.83 0.99 1.00 0.98 0.85 0.23 0.01 0.00 0.00 0.00 0.00 0.00 0.00 0.00 0.00 0.00 0.00 0.00 0.00 0.01 0.00 0.00 0.15 0.13 0.01 0.11 0.64 0.07 0.01 0.11 0.10 0.00 0.00 0.00 0.00 0.00 
0.26 0.83 0.98 1.00 0.99 0.80 0.22 0.01 0.00 0.00 0.00 0.00 0.00 0.00 0.00 0.00 0.00 0.00 0.00 0.08 0.02 0.02 0.38 0.62 0.07 0.16 0.81 0.27 0.02 0.08 0.13 0.01 0.00 0.00 0.00 0.00 
0.03 0.44 0.85 0.99 1.00 0.98 0.83 0.27 0.02 0.00 0.00 0.00 0.00 0.00 0.00 0.02 0.03 0.01 0.12 0.72 0.20 0.14 0.83 0.84 0.13 0.17 0.59 0.10 0.01 0.01 0.01 0.00 0.00 0.00 0.00 0.00 
0.00 0.02 0.23 0.80 0.98 1.00 0.98 0.87 0.29 0.02 0.00 0.02 0.00 0.00 0.00 0.04 0.06 0.01 0.06 0.59 0.06 0.02 0.23 0.25 0.01 0.01 0.03 0.00 0.00 0.00 0.00 0.00 0.00 0.00 0.00 0.00 
0.00 0.00 0.01 0.22 0.83 0.98 1.00 0.98 0.91 0.39 0.07 0.22 0.01 0.01 0.01 0.19 0.44 0.04 0.11 0.79 0.22 0.02 0.12 0.24 0.01 0.00 0.01 0.00 0.00 0.00 0.00 0.00 0.00 0.00 0.00 0.00 
0.00 0.00 0.00 0.01 0.27 0.87 0.98 1.00 0.98 0.73 0.53 0.89 0.26 0.09 0.07 0.75 0.74 0.09 0.21 0.71 0.10 0.01 0.03 0.03 0.00 0.00 0.00 0.00 0.00 0.00 0.00 0.00 0.00 0.00 0.00 0.00 
0.00 0.00 0.00 0.00 0.02 0.29 0.91 0.98 1.00 0.98 0.94 0.93 0.24 0.06 0.01 0.24 0.39 0.01 0.01 0.12 0.01 0.00 0.00 0.00 0.00 0.00 0.00 0.00 0.00 0.00 0.00 0.00 0.00 0.00 0.00 0.00 
0.00 0.00 0.00 0.00 0.00 0.02 0.39 0.73 0.98 1.00 0.99 0.92 0.33 0.14 0.01 0.10 0.36 0.01 0.00 0.03 0.01 0.00 0.00 0.00 0.00 0.00 0.00 0.00 0.00 0.00 0.00 0.00 0.00 0.00 0.00 0.00 
0.00 0.00 0.00 0.00 0.00 0.00 0.07 0.53 0.94 0.99 1.00 0.99 0.83 0.32 0.04 0.17 0.24 0.01 0.00 0.01 0.00 0.00 0.00 0.00 0.00 0.00 0.00 0.00 0.00 0.00 0.00 0.00 0.00 0.00 0.00 0.00 
0.00 0.00 0.00 0.00 0.00 0.02 0.22 0.89 0.93 0.92 0.99 1.00 0.98 0.82 0.48 0.88 0.81 0.12 0.07 0.11 0.01 0.00 0.00 0.00 0.00 0.00 0.00 0.00 0.00 0.00 0.00 0.00 0.00 0.00 0.00 0.00 
0.00 0.00 0.00 0.00 0.00 0.00 0.01 0.26 0.24 0.33 0.83 0.98 1.00 0.98 0.92 0.93 0.79 0.27 0.10 0.05 0.01 0.00 0.00 0.00 0.00 0.00 0.00 0.00 0.00 0.00 0.00 0.00 0.00 0.00 0.00 0.00 
0.00 0.00 0.00 0.00 0.00 0.00 0.01 0.09 0.06 0.14 0.32 0.82 0.98 1.00 0.99 0.93 0.95 0.86 0.34 0.14 0.09 0.01 0.00 0.00 0.00 0.00 0.00 0.00 0.00 0.00 0.00 0.00 0.00 0.00 0.00 0.00 
0.00 0.00 0.00 0.00 0.00 0.00 0.01 0.07 0.01 0.01 0.04 0.48 0.92 0.99 1.00 0.99 0.92 0.95 0.85 0.33 0.15 0.06 0.01 0.00 0.00 0.00 0.00 0.00 0.00 0.00 0.00 0.00 0.00 0.00 0.00 0.00 
0.00 0.00 0.00 0.00 0.02 0.04 0.19 0.75 0.24 0.10 0.17 0.88 0.93 0.93 0.99 1.00 0.99 0.93 0.95 0.86 0.38 0.13 0.07 0.02 0.00 0.00 0.00 0.00 0.00 0.00 0.00 0.00 0.00 0.00 0.00 0.00 
0.00 0.00 0.00 0.00 0.03 0.06 0.44 0.74 0.39 0.36 0.24 0.81 0.79 0.95 0.92 0.99 1.00 0.98 0.93 0.95 0.88 0.34 0.14 0.10 0.02 0.00 0.00 0.00 0.00 0.00 0.00 0.00 0.00 0.00 0.00 0.00 
0.00 0.00 0.00 0.00 0.01 0.01 0.04 0.09 0.01 0.01 0.01 0.12 0.27 0.86 0.95 0.93 0.98 1.00 0.98 0.93 0.96 0.85 0.33 0.14 0.08 0.01 0.00 0.00 0.00 0.00 0.00 0.00 0.00 0.00 0.00 0.00 
0.00 0.00 0.00 0.00 0.12 0.06 0.11 0.21 0.01 0.00 0.00 0.07 0.10 0.34 0.85 0.95 0.93 0.98 1.00 0.98 0.93 0.94 0.84 0.33 0.13 0.05 0.01 0.00 0.00 0.00 0.00 0.00 0.00 0.00 0.00 0.00 
0.00 0.01 0.01 0.08 0.72 0.59 0.79 0.71 0.12 0.03 0.01 0.11 0.05 0.14 0.33 0.86 0.95 0.93 0.98 1.00 0.98 0.93 0.95 0.88 0.38 0.13 0.08 0.02 0.00 0.00 0.00 0.00 0.00 0.00 0.00 0.00 
0.00 0.00 0.00 0.02 0.20 0.06 0.22 0.10 0.01 0.01 0.00 0.01 0.01 0.09 0.15 0.38 0.88 0.96 0.93 0.98 1.00 0.98 0.92 0.94 0.86 0.31 0.13 0.08 0.01 0.00 0.00 0.00 0.00 0.00 0.00 0.00 
0.00 0.01 0.00 0.02 0.14 0.02 0.02 0.01 0.00 0.00 0.00 0.00 0.00 0.01 0.06 0.13 0.34 0.85 0.94 0.93 0.98 1.00 0.98 0.92 0.95 0.83 0.31 0.12 0.06 0.01 0.00 0.00 0.00 0.00 0.00 0.00 
0.02 0.26 0.15 0.38 0.83 0.23 0.12 0.03 0.00 0.00 0.00 0.00 0.00 0.00 0.01 0.07 0.14 0.33 0.84 0.95 0.92 0.98 1.00 0.98 0.93 0.95 0.85 0.35 0.12 0.05 0.01 0.00 0.00 0.00 0.01 0.00 
0.01 0.14 0.13 0.62 0.84 0.25 0.24 0.03 0.00 0.00 0.00 0.00 0.00 0.00 0.00 0.02 0.10 0.14 0.33 0.88 0.94 0.92 0.98 1.00 0.98 0.93 0.95 0.89 0.37 0.14 0.08 0.02 0.00 0.00 0.01 0.00 
0.01 0.05 0.01 0.07 0.13 0.01 0.01 0.00 0.00 0.00 0.00 0.00 0.00 0.00 0.00 0.00 0.02 0.08 0.13 0.38 0.86 0.95 0.93 0.98 1.00 0.99 0.93 0.94 0.86 0.33 0.11 0.07 0.02 0.06 0.14 0.07 
0.19 0.50 0.11 0.16 0.17 0.01 0.00 0.00 0.00 0.00 0.00 0.00 0.00 0.00 0.00 0.00 0.00 0.01 0.05 0.13 0.31 0.83 0.95 0.93 0.99 1.00 0.99 0.92 0.94 0.83 0.30 0.10 0.07 0.15 0.51 0.15 
0.60 0.86 0.64 0.81 0.59 0.03 0.01 0.00 0.00 0.00 0.00 0.00 0.00 0.00 0.00 0.00 0.00 0.00 0.01 0.08 0.13 0.31 0.85 0.95 0.93 0.99 1.00 0.99 0.92 0.94 0.86 0.35 0.14 0.10 0.18 0.02 
0.11 0.17 0.07 0.27 0.10 0.00 0.00 0.00 0.00 0.00 0.00 0.00 0.00 0.00 0.00 0.00 0.00 0.00 0.00 0.02 0.08 0.12 0.35 0.89 0.94 0.92 0.99 1.00 0.98 0.93 0.95 0.87 0.40 0.40 0.28 0.05 
0.13 0.09 0.01 0.02 0.01 0.00 0.00 0.00 0.00 0.00 0.00 0.00 0.00 0.00 0.00 0.00 0.00 0.00 0.00 0.00 0.01 0.06 0.12 0.37 0.86 0.94 0.92 0.98 1.00 0.98 0.91 0.94 0.88 0.95 0.95 0.67 
0.84 0.58 0.11 0.08 0.01 0.00 0.00 0.00 0.00 0.00 0.00 0.00 0.00 0.00 0.00 0.00 0.00 0.00 0.00 0.00 0.00 0.01 0.05 0.14 0.33 0.83 0.94 0.93 0.98 1.00 0.99 0.93 0.96 0.85 0.87 0.17 
0.59 0.25 0.10 0.13 0.01 0.00 0.00 0.00 0.00 0.00 0.00 0.00 0.00 0.00 0.00 0.00 0.00 0.00 0.00 0.00 0.00 0.00 0.01 0.08 0.11 0.30 0.86 0.95 0.91 0.99 1.00 0.99 0.92 0.55 0.23 0.01 
0.06 0.01 0.00 0.01 0.00 0.00 0.00 0.00 0.00 0.00 0.00 0.00 0.00 0.00 0.00 0.00 0.00 0.00 0.00 0.00 0.00 0.00 0.00 0.02 0.07 0.10 0.35 0.87 0.94 0.93 0.99 1.00 0.98 0.93 0.46 0.07 
0.13 0.01 0.00 0.00 0.00 0.00 0.00 0.00 0.00 0.00 0.00 0.00 0.00 0.00 0.00 0.00 0.00 0.00 0.00 0.00 0.00 0.00 0.00 0.00 0.02 0.07 0.14 0.40 0.88 0.96 0.92 0.98 1.00 0.99 0.87 0.26 
0.02 0.00 0.00 0.00 0.00 0.00 0.00 0.00 0.00 0.00 0.00 0.00 0.00 0.00 0.00 0.00 0.00 0.00 0.00 0.00 0.00 0.00 0.00 0.00 0.06 0.15 0.10 0.40 0.95 0.85 0.55 0.93 0.99 1.00 0.99 0.92 
0.04 0.01 0.00 0.00 0.00 0.00 0.00 0.00 0.00 0.00 0.00 0.00 0.00 0.00 0.00 0.00 0.00 0.00 0.00 0.00 0.00 0.00 0.01 0.01 0.14 0.51 0.18 0.28 0.95 0.87 0.23 0.46 0.87 0.99 1.00 0.98 
0.00 0.00 0.00 0.00 0.00 0.00 0.00 0.00 0.00 0.00 0.00 0.00 0.00 0.00 0.00 0.00 0.00 0.00 0.00 0.00 0.00 0.00 0.00 0.00 0.07 0.15 0.02 0.05 0.67 0.17 0.01 0.07 0.26 0.92 0.98 1.00 
