1.00 0.98 0.89 0.88 0.90 0.92 0.26 0.03 0.01 0.00 0.00 0.00 0.00 0.00 0.00 0.00 0.01 0.01 0.00 0.00 0.00 0.00 0.00 0.00 0.00 0.00 0.00 0.00 0.00 0.02 0.05 0.35 0.14 0.05 0.00 0.00 0.00 0.00 0.00 0.00 0.01 0.01 0.00 0.00 0.00 
0.98 1.00 0.99 0.89 0.85 0.91 0.20 0.02 0.03 0.00 0.00 0.00 0.00 0.00 0.00 0.00 0.00 0.00 0.00 0.00 0.00 0.00 0.00 0.00 0.00 0.00 0.00 0.00 0.00 0.02 0.14 0.80 0.74 0.31 0.01 0.00 0.00 0.00 0.00 0.01 0.07 0.04 0.01 0.00 0.00 
0.89 0.99 1.00 0.99 0.85 0.56 0.03 0.00 0.01 0.00 0.00 0.00 0.00 0.00 0.00 0.00 0.00 0.00 0.00 0.00 0.00 0.00 0.00 0.00 0.00 0.00 0.00 0.00 0.00 0.06 0.22 0.90 0.60 0.07 0.00 0.00 0.00 0.00 0.00 0.03 0.18 0.20 0.12 0.01 0.00 
0.88 0.89 0.99 1.00 0.98 0.74 0.11 0.01 0.02 0.00 0.00 0.00 0.00 0.00 0.00 0.00 0.01 0.03 0.04 0.00 0.00 0.00 0.00 0.00 0.00 0.00 0.00 0.00 0.06 0.54 0.59 0.93 0.35 0.05 0.00 0.00 0.00 0.00 0.00 0.02 0.14 0.43 0.49 0.08 0.12 
0.90 0.85 0.85 0.98 1.00 0.98 0.84 0.27 0.29 0.02 0.01 0.00 0.00 0.00 0.00 0.04 0.26 0.46 0.34 0.02 0.00 0.00 0.00 0.00 0.00 0.00 0.00 0.01 0.15 0.87 0.91 0.96 0.62 0.33 0.03 0.02 0.00 0.00 0.00 0.01 0.20 0.48 0.30 0.06 0.13 
0.92 0.91 0.56 0.74 0.98 1.00 0.98 0.83 0.73 0.07 0.01 0.00 0.00 0.00 0.01 0.08 0.45 0.29 0.07 0.00 0.00 0.00 0.00 0.00 0.00 0.00 0.00 0.00 0.01 0.35 0.75 0.88 0.80 0.84 0.13 0.04 0.00 0.00 0.00 0.00 0.12 0.11 0.02 0.00 0.01 
0.26 0.20 0.03 0.11 0.84 0.98 1.00 0.99 0.97 0.39 0.08 0.00 0.00 0.01 0.24 0.68 0.96 0.74 0.20 0.02 0.00 0.00 0.00 0.00 0.00 0.00 0.00 0.00 0.01 0.33 0.68 0.45 0.43 0.84 0.23 0.07 0.00 0.00 0.00 0.00 0.04 0.04 0.01 0.00 0.00 
0.03 0.02 0.00 0.01 0.27 0.83 0.99 1.00 0.99 0.71 0.15 0.01 0.02 0.06 0.71 0.89 0.97 0.57 0.09 0.02 0.00 0.00 0.00 0.00 0.00 0.00 0.00 0.00 0.00 0.10 0.34 0.10 0.17 0.79 0.33 0.08 0.00 0.00 0.00 0.00 0.02 0.01 0.00 0.00 0.00 
0.01 0.03 0.01 0.02 0.29 0.73 0.97 0.99 1.00 0.98 0.83 0.19 0.31 0.36 0.92 0.93 0.88 0.31 0.11 0.04 0.00 0.00 0.00 0.00 0.00 0.00 0.00 0.00 0.02 0.30 0.84 0.46 0.70 0.97 0.93 0.79 0.13 0.03 0.02 0.01 0.29 0.15 0.01 0.00 0.00 
0.00 0.00 0.00 0.00 0.02 0.07 0.39 0.71 0.98 1.00 0.98 0.88 0.95 0.93 0.98 0.88 0.38 0.04 0.02 0.02 0.00 0.01 0.00 0.00 0.00 0.00 0.00 0.00 0.01 0.07 0.49 0.09 0.30 0.83 0.97 0.95 0.72 0.17 0.07 0.02 0.25 0.08 0.00 0.00 0.00 
0.00 0.00 0.00 0.00 0.01 0.01 0.08 0.15 0.83 0.98 1.00 0.98 0.95 0.96 0.93 0.81 0.19 0.04 0.08 0.17 0.03 0.15 0.01 0.00 0.00 0.00 0.00 0.01 0.09 0.22 0.65 0.08 0.12 0.29 0.76 0.96 0.87 0.61 0.14 0.06 0.42 0.30 0.02 0.01 0.00 
0.00 0.00 0.00 0.00 0.00 0.00 0.00 0.01 0.19 0.88 0.98 1.00 0.98 0.92 0.55 0.12 0.01 0.00 0.00 0.01 0.00 0.03 0.00 0.00 0.00 0.00 0.00 0.00 0.01 0.01 0.08 0.01 0.02 0.05 0.56 0.94 0.98 0.87 0.28 0.05 0.18 0.06 0.00 0.00 0.00 
0.00 0.00 0.00 0.00 0.00 0.00 0.00 0.02 0.31 0.95 0.95 0.98 1.00 0.98 0.89 0.23 0.01 0.00 0.00 0.00 0.00 0.01 0.00 0.00 0.00 0.00 0.00 0.00 0.00 0.00 0.02 0.00 0.01 0.06 0.59 0.72 0.87 0.20 0.03 0.00 0.02 0.00 0.00 0.00 0.00 
0.00 0.00 0.00 0.00 0.00 0.00 0.01 0.06 0.36 0.93 0.96 0.92 0.98 1.00 0.98 0.79 0.08 0.01 0.01 0.04 0.01 0.09 0.00 0.00 0.00 0.00 0.00 0.00 0.00 0.01 0.02 0.00 0.00 0.02 0.16 0.30 0.28 0.03 0.00 0.00 0.01 0.00 0.00 0.00 0.00 
0.00 0.00 0.00 0.00 0.00 0.01 0.24 0.71 0.92 0.98 0.93 0.55 0.89 0.98 1.00 0.98 0.69 0.09 0.04 0.07 0.00 0.03 0.00 0.00 0.00 0.00 0.00 0.00 0.01 0.03 0.11 0.01 0.02 0.18 0.41 0.34 0.10 0.01 0.00 0.00 0.01 0.01 0.00 0.00 0.00 
0.00 0.00 0.00 0.00 0.04 0.08 0.68 0.89 0.93 0.88 0.81 0.12 0.23 0.79 0.98 1.00 0.99 0.82 0.57 0.59 0.05 0.10 0.00 0.00 0.00 0.00 0.00 0.02 0.07 0.28 0.38 0.02 0.02 0.14 0.12 0.13 0.01 0.00 0.00 0.00 0.01 0.02 0.00 0.00 0.00 
0.01 0.00 0.00 0.01 0.26 0.45 0.96 0.97 0.88 0.38 0.19 0.01 0.01 0.08 0.69 0.99 1.00 0.99 0.79 0.43 0.02 0.01 0.00 0.00 0.00 0.00 0.00 0.02 0.07 0.45 0.42 0.05 0.02 0.14 0.04 0.02 0.00 0.00 0.00 0.00 0.01 0.02 0.00 0.00 0.01 
0.01 0.00 0.00 0.03 0.46 0.29 0.74 0.57 0.31 0.04 0.04 0.00 0.00 0.01 0.09 0.82 0.99 1.00 0.99 0.80 0.09 0.02 0.00 0.00 0.00 0.00 0.02 0.20 0.40 0.81 0.42 0.05 0.01 0.02 0.00 0.00 0.00 0.00 0.00 0.00 0.00 0.03 0.02 0.02 0.17 
0.00 0.00 0.00 0.04 0.34 0.07 0.20 0.09 0.11 0.02 0.08 0.00 0.00 0.01 0.04 0.57 0.79 0.99 1.00 0.98 0.71 0.23 0.02 0.04 0.01 0.02 0.33 0.91 0.96 0.97 0.64 0.08 0.01 0.01 0.00 0.01 0.00 0.00 0.00 0.00 0.01 0.16 0.19 0.44 0.84 
0.00 0.00 0.00 0.00 0.02 0.00 0.02 0.02 0.04 0.02 0.17 0.01 0.00 0.04 0.07 0.59 0.43 0.80 0.98 1.00 0.98 0.93 0.39 0.45 0.09 0.10 0.60 0.97 0.94 0.78 0.22 0.01 0.00 0.00 0.00 0.01 0.00 0.00 0.00 0.00 0.00 0.05 0.06 0.27 0.50 
0.00 0.00 0.00 0.00 0.00 0.00 0.00 0.00 0.00 0.00 0.03 0.00 0.00 0.01 0.00 0.05 0.02 0.09 0.71 0.98 1.00 0.99 0.94 0.97 0.77 0.69 0.92 0.99 0.84 0.22 0.02 0.00 0.00 0.00 0.00 0.00 0.00 0.00 0.00 0.00 0.00 0.01 0.02 0.26 0.34 
0.00 0.00 0.00 0.00 0.00 0.00 0.00 0.00 0.00 0.01 0.15 0.03 0.01 0.09 0.03 0.10 0.01 0.02 0.23 0.93 0.99 1.00 0.98 0.92 0.28 0.10 0.23 0.72 0.38 0.06 0.01 0.00 0.00 0.00 0.00 0.00 0.00 0.00 0.00 0.00 0.00 0.01 0.01 0.04 0.02 
0.00 0.00 0.00 0.00 0.00 0.00 0.00 0.00 0.00 0.00 0.01 0.00 0.00 0.00 0.00 0.00 0.00 0.00 0.02 0.39 0.94 0.98 1.00 0.98 0.78 0.34 0.26 0.43 0.07 0.00 0.00 0.00 0.00 0.00 0.00 0.00 0.00 0.00 0.00 0.00 0.00 0.00 0.00 0.01 0.01 
0.00 0.00 0.00 0.00 0.00 0.00 0.00 0.00 0.00 0.00 0.00 0.00 0.00 0.00 0.00 0.00 0.00 0.00 0.04 0.45 0.97 0.92 0.98 1.00 0.98 0.80 0.82 0.87 0.39 0.02 0.00 0.00 0.00 0.00 0.00 0.00 0.00 0.00 0.00 0.00 0.00 0.00 0.01 0.18 0.09 
0.00 0.00 0.00 0.00 0.00 0.00 0.00 0.00 0.00 0.00 0.00 0.00 0.00 0.00 0.00 0.00 0.00 0.00 0.01 0.09 0.77 0.28 0.78 0.98 1.00 0.98 0.94 0.72 0.11 0.00 0.00 0.00 0.00 0.00 0.00 0.00 0.00 0.00 0.00 0.00 0.00 0.00 0.00 0.08 0.07 
0.00 0.00 0.00 0.00 0.00 0.00 0.00 0.00 0.00 0.00 0.00 0.00 0.00 0.00 0.00 0.00 0.00 0.00 0.02 0.10 0.69 0.10 0.34 0.80 0.98 1.00 0.99 0.71 0.06 0.00 0.00 0.00 0.00 0.00 0.00 0.00 0.00 0.00 0.00 0.00 0.00 0.00 0.00 0.02 0.07 
0.00 0.00 0.00 0.00 0.00 0.00 0.00 0.00 0.00 0.00 0.00 0.00 0.00 0.00 0.00 0.00 0.00 0.02 0.33 0.60 0.92 0.23 0.26 0.82 0.94 0.99 1.00 0.98 0.67 0.07 0.00 0.00 0.00 0.00 0.00 0.00 0.00 0.00 0.00 0.00 0.00 0.00 0.02 0.39 0.76 
0.00 0.00 0.00 0.00 0.01 0.00 0.00 0.00 0.00 0.00 0.01 0.00 0.00 0.00 0.00 0.02 0.02 0.20 0.91 0.97 0.99 0.72 0.43 0.87 0.72 0.71 0.98 1.00 0.98 0.69 0.07 0.00 0.00 0.00 0.00 0.00 0.00 0.00 0.00 0.00 0.00 0.06 0.22 0.86 0.95 
0.00 0.00 0.00 0.06 0.15 0.01 0.01 0.00 0.02 0.01 0.09 0.01 0.00 0.00 0.01 0.07 0.07 0.40 0.96 0.94 0.84 0.38 0.07 0.39 0.11 0.06 0.67 0.98 1.00 0.98 0.73 0.14 0.01 0.00 0.00 0.02 0.00 0.01 0.00 0.01 0.07 0.71 0.90 0.99 0.98 
0.02 0.02 0.06 0.54 0.87 0.35 0.33 0.10 0.30 0.07 0.22 0.01 0.00 0.01 0.03 0.28 0.45 0.81 0.97 0.78 0.22 0.06 0.00 0.02 0.00 0.00 0.07 0.69 0.98 1.00 0.99 0.81 0.18 0.07 0.02 0.11 0.01 0.01 0.01 0.04 0.39 0.92 0.92 0.88 0.91 
0.05 0.14 0.22 0.59 0.91 0.75 0.68 0.34 0.84 0.49 0.65 0.08 0.02 0.02 0.11 0.38 0.42 0.42 0.64 0.22 0.02 0.01 0.00 0.00 0.00 0.00 0.00 0.07 0.73 0.99 1.00 0.99 0.89 0.73 0.47 0.76 0.09 0.15 0.12 0.35 0.94 0.98 0.83 0.39 0.23 
0.35 0.80 0.90 0.93 0.96 0.88 0.45 0.10 0.46 0.09 0.08 0.01 0.00 0.00 0.01 0.02 0.05 0.05 0.08 0.01 0.00 0.00 0.00 0.00 0.00 0.00 0.00 0.00 0.14 0.81 0.99 1.00 0.98 0.80 0.35 0.48 0.03 0.06 0.18 0.54 0.96 0.97 0.73 0.11 0.05 
0.14 0.74 0.60 0.35 0.62 0.80 0.43 0.17 0.70 0.30 0.12 0.02 0.01 0.00 0.02 0.02 0.02 0.01 0.01 0.00 0.00 0.00 0.00 0.00 0.00 0.00 0.00 0.00 0.01 0.18 0.89 0.98 1.00 0.98 0.90 0.81 0.13 0.12 0.48 0.52 0.96 0.72 0.10 0.00 0.00 
0.05 0.31 0.07 0.05 0.33 0.84 0.84 0.79 0.97 0.83 0.29 0.05 0.06 0.02 0.18 0.14 0.14 0.02 0.01 0.00 0.00 0.00 0.00 0.00 0.00 0.00 0.00 0.00 0.00 0.07 0.73 0.80 0.98 1.00 0.99 0.84 0.16 0.04 0.13 0.06 0.66 0.18 0.01 0.00 0.00 
0.00 0.01 0.00 0.00 0.03 0.13 0.23 0.33 0.93 0.97 0.76 0.56 0.59 0.16 0.41 0.12 0.04 0.00 0.00 0.00 0.00 0.00 0.00 0.00 0.00 0.00 0.00 0.00 0.00 0.02 0.47 0.35 0.90 0.99 1.00 0.99 0.86 0.39 0.53 0.13 0.73 0.14 0.00 0.00 0.00 
0.00 0.00 0.00 0.00 0.02 0.04 0.07 0.08 0.79 0.95 0.96 0.94 0.72 0.30 0.34 0.13 0.02 0.00 0.01 0.01 0.00 0.00 0.00 0.00 0.00 0.00 0.00 0.00 0.02 0.11 0.76 0.48 0.81 0.84 0.99 1.00 0.99 0.95 0.91 0.67 0.96 0.66 0.05 0.01 0.00 
0.00 0.00 0.00 0.00 0.00 0.00 0.00 0.00 0.13 0.72 0.87 0.98 0.87 0.28 0.10 0.01 0.00 0.00 0.00 0.00 0.00 0.00 0.00 0.00 0.00 0.00 0.00 0.00 0.00 0.01 0.09 0.03 0.13 0.16 0.86 0.99 1.00 0.98 0.92 0.39 0.59 0.11 0.00 0.00 0.00 
0.00 0.00 0.00 0.00 0.00 0.00 0.00 0.00 0.03 0.17 0.61 0.87 0.20 0.03 0.01 0.00 0.00 0.00 0.00 0.00 0.00 0.00 0.00 0.00 0.00 0.00 0.00 0.00 0.01 0.01 0.15 0.06 0.12 0.04 0.39 0.95 0.98 1.00 0.99 0.93 0.87 0.50 0.05 0.01 0.00 
0.00 0.00 0.00 0.00 0.00 0.00 0.00 0.00 0.02 0.07 0.14 0.28 0.03 0.00 0.00 0.00 0.00 0.00 0.00 0.00 0.00 0.00 0.00 0.00 0.00 0.00 0.00 0.00 0.00 0.01 0.12 0.18 0.48 0.13 0.53 0.91 0.92 0.99 1.00 0.98 0.95 0.46 0.03 0.00 0.00 
0.00 0.01 0.03 0.02 0.01 0.00 0.00 0.00 0.01 0.02 0.06 0.05 0.00 0.00 0.00 0.00 0.00 0.00 0.00 0.00 0.00 0.00 0.00 0.00 0.00 0.00 0.00 0.00 0.01 0.04 0.35 0.54 0.52 0.06 0.13 0.67 0.39 0.93 0.98 1.00 0.99 0.92 0.48 0.04 0.00 
0.01 0.07 0.18 0.14 0.20 0.12 0.04 0.02 0.29 0.25 0.42 0.18 0.02 0.01 0.01 0.01 0.01 0.00 0.01 0.00 0.00 0.00 0.00 0.00 0.00 0.00 0.00 0.00 0.07 0.39 0.94 0.96 0.96 0.66 0.73 0.96 0.59 0.87 0.95 0.99 1.00 0.99 0.65 0.07 0.01 
0.01 0.04 0.20 0.43 0.48 0.11 0.04 0.01 0.15 0.08 0.30 0.06 0.00 0.00 0.01 0.02 0.02 0.03 0.16 0.05 0.01 0.01 0.00 0.00 0.00 0.00 0.00 0.06 0.71 0.92 0.98 0.97 0.72 0.18 0.14 0.66 0.11 0.50 0.46 0.92 0.99 1.00 0.99 0.77 0.26 
0.00 0.01 0.12 0.49 0.30 0.02 0.01 0.00 0.01 0.00 0.02 0.00 0.00 0.00 0.00 0.00 0.00 0.02 0.19 0.06 0.02 0.01 0.00 0.01 0.00 0.00 0.02 0.22 0.90 0.92 0.83 0.73 0.10 0.01 0.00 0.05 0.00 0.05 0.03 0.48 0.65 0.99 1.00 0.99 0.83 
0.00 0.00 0.01 0.08 0.06 0.00 0.00 0.00 0.00 0.00 0.01 0.00 0.00 0.00 0.00 0.00 0.00 0.02 0.44 0.27 0.26 0.04 0.01 0.18 0.08 0.02 0.39 0.86 0.99 0.88 0.39 0.11 0.00 0.00 0.00 0.01 0.00 0.01 0.00 0.04 0.07 0.77 0.99 1.00 0.98 
0.00 0.00 0.00 0.12 0.13 0.01 0.00 0.00 0.00 0.00 0.00 0.00 0.00 0.00 0.00 0.00 0.01 0.17 0.84 0.50 0.34 0.02 0.01 0.09 0.07 0.07 0.76 0.95 0.98 0.91 0.23 0.05 0.00 0.00 0.00 0.00 0.00 0.00 0.00 0.00 0.01 0.26 0.83 0.98 1.00 
