1.00 0.99 0.74 0.10 0.01 0.22 0.10 0.45 0.03 0.00 0.00 0.00 0.00 0.02 0.39 0.94 0.87 0.96 0.90 0.84 0.17 0.01 0.03 0.03 0.03 0.00 0.00 0.00 0.00 0.00 0.00 0.00 0.00 0.01 0.07 0.00 
0.99 1.00 0.99 0.75 0.37 0.92 0.67 0.84 0.12 0.00 0.00 0.00 0.01 0.02 0.35 0.81 0.83 0.89 0.96 0.91 0.19 0.03 0.15 0.10 0.16 0.01 0.00 0.00 0.00 0.00 0.00 0.00 0.03 0.18 0.56 0.06 
0.74 0.99 1.00 0.99 0.83 0.95 0.40 0.34 0.01 0.00 0.00 0.00 0.00 0.00 0.02 0.09 0.16 0.33 0.89 0.95 0.35 0.15 0.43 0.12 0.09 0.01 0.00 0.00 0.00 0.00 0.00 0.00 0.01 0.18 0.68 0.24 
0.10 0.75 0.99 1.00 0.98 0.95 0.36 0.20 0.01 0.00 0.00 0.00 0.00 0.00 0.00 0.01 0.03 0.08 0.74 0.80 0.28 0.36 0.82 0.36 0.22 0.05 0.00 0.00 0.00 0.00 0.00 0.00 0.03 0.52 0.93 0.89 
0.01 0.37 0.83 0.98 1.00 0.99 0.79 0.31 0.03 0.00 0.00 0.00 0.00 0.00 0.00 0.00 0.02 0.01 0.25 0.13 0.01 0.02 0.30 0.14 0.22 0.15 0.02 0.03 0.00 0.00 0.00 0.04 0.24 0.93 0.96 0.91 
0.22 0.92 0.95 0.95 0.99 1.00 0.99 0.89 0.29 0.04 0.00 0.00 0.03 0.01 0.08 0.12 0.29 0.15 0.63 0.27 0.01 0.01 0.14 0.11 0.33 0.12 0.03 0.02 0.00 0.00 0.00 0.11 0.48 0.94 0.95 0.52 
0.10 0.67 0.40 0.36 0.79 0.99 1.00 0.99 0.92 0.65 0.06 0.04 0.49 0.13 0.40 0.30 0.60 0.14 0.32 0.03 0.00 0.00 0.02 0.05 0.43 0.26 0.25 0.16 0.03 0.01 0.12 0.78 0.94 0.97 0.86 0.17 
0.45 0.84 0.34 0.20 0.31 0.89 0.99 1.00 0.99 0.68 0.08 0.03 0.47 0.25 0.69 0.84 0.98 0.80 0.81 0.13 0.01 0.00 0.06 0.25 0.85 0.44 0.38 0.07 0.02 0.01 0.05 0.46 0.91 0.90 0.87 0.13 
0.03 0.12 0.01 0.01 0.03 0.29 0.92 0.99 1.00 0.99 0.74 0.34 0.88 0.50 0.57 0.49 0.88 0.22 0.12 0.00 0.00 0.00 0.00 0.04 0.58 0.40 0.74 0.25 0.17 0.26 0.55 0.88 0.97 0.73 0.34 0.02 
0.00 0.00 0.00 0.00 0.00 0.04 0.65 0.68 0.99 1.00 0.99 0.85 0.94 0.37 0.15 0.04 0.16 0.01 0.00 0.00 0.00 0.00 0.00 0.00 0.08 0.13 0.70 0.45 0.67 0.89 0.98 0.98 0.95 0.38 0.04 0.00 
0.00 0.00 0.00 0.00 0.00 0.00 0.06 0.08 0.74 0.99 1.00 0.99 0.94 0.42 0.06 0.01 0.01 0.00 0.00 0.00 0.00 0.00 0.00 0.00 0.00 0.00 0.09 0.04 0.27 0.87 0.97 0.78 0.30 0.01 0.00 0.00 
0.00 0.00 0.00 0.00 0.00 0.00 0.04 0.03 0.34 0.85 0.99 1.00 0.98 0.82 0.16 0.01 0.01 0.00 0.00 0.00 0.00 0.00 0.00 0.00 0.00 0.00 0.00 0.00 0.02 0.18 0.76 0.34 0.05 0.00 0.00 0.00 
0.00 0.01 0.00 0.00 0.00 0.03 0.49 0.47 0.88 0.94 0.94 0.98 1.00 0.99 0.87 0.26 0.18 0.01 0.00 0.00 0.00 0.00 0.00 0.00 0.00 0.00 0.02 0.01 0.01 0.07 0.55 0.53 0.24 0.04 0.00 0.00 
0.02 0.02 0.00 0.00 0.00 0.01 0.13 0.25 0.50 0.37 0.42 0.82 0.99 1.00 0.99 0.70 0.27 0.01 0.00 0.00 0.00 0.00 0.00 0.00 0.00 0.00 0.00 0.00 0.00 0.00 0.03 0.03 0.02 0.00 0.00 0.00 
0.39 0.35 0.02 0.00 0.00 0.08 0.40 0.69 0.57 0.15 0.06 0.16 0.87 0.99 1.00 0.99 0.82 0.18 0.03 0.00 0.00 0.00 0.00 0.00 0.01 0.00 0.00 0.00 0.00 0.00 0.00 0.02 0.03 0.01 0.01 0.00 
0.94 0.81 0.09 0.01 0.00 0.12 0.30 0.84 0.49 0.04 0.01 0.01 0.26 0.70 0.99 1.00 0.99 0.88 0.39 0.06 0.00 0.00 0.00 0.01 0.03 0.00 0.00 0.00 0.00 0.00 0.00 0.00 0.02 0.02 0.03 0.00 
0.87 0.83 0.16 0.03 0.02 0.29 0.60 0.98 0.88 0.16 0.01 0.01 0.18 0.27 0.82 0.99 1.00 0.99 0.87 0.21 0.02 0.00 0.03 0.14 0.57 0.06 0.04 0.00 0.00 0.00 0.00 0.03 0.23 0.17 0.31 0.01 
0.96 0.89 0.33 0.08 0.01 0.15 0.14 0.80 0.22 0.01 0.00 0.00 0.01 0.01 0.18 0.88 0.99 1.00 0.99 0.82 0.36 0.04 0.20 0.44 0.56 0.03 0.01 0.00 0.00 0.00 0.00 0.00 0.03 0.05 0.31 0.02 
0.90 0.96 0.89 0.74 0.25 0.63 0.32 0.81 0.12 0.00 0.00 0.00 0.00 0.00 0.03 0.39 0.87 0.99 1.00 0.99 0.85 0.48 0.88 0.90 0.85 0.13 0.01 0.00 0.00 0.00 0.00 0.00 0.06 0.28 0.89 0.39 
0.84 0.91 0.95 0.80 0.13 0.27 0.03 0.13 0.00 0.00 0.00 0.00 0.00 0.00 0.00 0.06 0.21 0.82 0.99 1.00 0.98 0.84 0.88 0.54 0.18 0.01 0.00 0.00 0.00 0.00 0.00 0.00 0.00 0.03 0.44 0.16 
0.17 0.19 0.35 0.28 0.01 0.01 0.00 0.01 0.00 0.00 0.00 0.00 0.00 0.00 0.00 0.00 0.02 0.36 0.85 0.98 1.00 0.99 0.92 0.56 0.07 0.00 0.00 0.00 0.00 0.00 0.00 0.00 0.00 0.00 0.10 0.07 
0.01 0.03 0.15 0.36 0.02 0.01 0.00 0.00 0.00 0.00 0.00 0.00 0.00 0.00 0.00 0.00 0.00 0.04 0.48 0.84 0.99 1.00 0.99 0.73 0.07 0.01 0.00 0.00 0.00 0.00 0.00 0.00 0.00 0.00 0.15 0.33 
0.03 0.15 0.43 0.82 0.30 0.14 0.02 0.06 0.00 0.00 0.00 0.00 0.00 0.00 0.00 0.00 0.03 0.20 0.88 0.88 0.92 0.99 1.00 0.99 0.73 0.21 0.01 0.00 0.00 0.00 0.00 0.00 0.01 0.14 0.87 0.94 
0.03 0.10 0.12 0.36 0.14 0.11 0.05 0.25 0.04 0.00 0.00 0.00 0.00 0.00 0.00 0.01 0.14 0.44 0.90 0.54 0.56 0.73 0.99 1.00 0.99 0.83 0.13 0.01 0.00 0.00 0.00 0.00 0.10 0.37 0.93 0.91 
0.03 0.16 0.09 0.22 0.22 0.33 0.43 0.85 0.58 0.08 0.00 0.00 0.00 0.00 0.01 0.03 0.57 0.56 0.85 0.18 0.07 0.07 0.73 0.99 1.00 0.98 0.82 0.23 0.02 0.00 0.00 0.08 0.80 0.88 0.98 0.84 
0.00 0.01 0.01 0.05 0.15 0.12 0.26 0.44 0.40 0.13 0.00 0.00 0.00 0.00 0.00 0.00 0.06 0.03 0.13 0.01 0.00 0.01 0.21 0.83 0.98 1.00 0.99 0.89 0.26 0.04 0.02 0.31 0.93 0.93 0.91 0.82 
0.00 0.00 0.00 0.00 0.02 0.03 0.25 0.38 0.74 0.70 0.09 0.00 0.02 0.00 0.00 0.00 0.04 0.01 0.01 0.00 0.00 0.00 0.01 0.13 0.82 0.99 1.00 0.99 0.91 0.65 0.41 0.86 0.98 0.83 0.41 0.13 
0.00 0.00 0.00 0.00 0.03 0.02 0.16 0.07 0.25 0.45 0.04 0.00 0.01 0.00 0.00 0.00 0.00 0.00 0.00 0.00 0.00 0.00 0.00 0.01 0.23 0.89 0.99 1.00 0.98 0.69 0.57 0.93 0.96 0.80 0.18 0.09 
0.00 0.00 0.00 0.00 0.00 0.00 0.03 0.02 0.17 0.67 0.27 0.02 0.01 0.00 0.00 0.00 0.00 0.00 0.00 0.00 0.00 0.00 0.00 0.00 0.02 0.26 0.91 0.98 1.00 0.98 0.94 0.94 0.79 0.18 0.01 0.00 
0.00 0.00 0.00 0.00 0.00 0.00 0.01 0.01 0.26 0.89 0.87 0.18 0.07 0.00 0.00 0.00 0.00 0.00 0.00 0.00 0.00 0.00 0.00 0.00 0.00 0.04 0.65 0.69 0.98 1.00 0.99 0.88 0.50 0.03 0.00 0.00 
0.00 0.00 0.00 0.00 0.00 0.00 0.12 0.05 0.55 0.98 0.97 0.76 0.55 0.03 0.00 0.00 0.00 0.00 0.00 0.00 0.00 0.00 0.00 0.00 0.00 0.02 0.41 0.57 0.94 0.99 1.00 0.99 0.71 0.09 0.00 0.00 
0.00 0.00 0.00 0.00 0.04 0.11 0.78 0.46 0.88 0.98 0.78 0.34 0.53 0.03 0.02 0.00 0.03 0.00 0.00 0.00 0.00 0.00 0.00 0.00 0.08 0.31 0.86 0.93 0.94 0.88 0.99 1.00 0.99 0.81 0.11 0.01 
0.00 0.03 0.01 0.03 0.24 0.48 0.94 0.91 0.97 0.95 0.30 0.05 0.24 0.02 0.03 0.02 0.23 0.03 0.06 0.00 0.00 0.00 0.01 0.10 0.80 0.93 0.98 0.96 0.79 0.50 0.71 0.99 1.00 0.99 0.78 0.21 
0.01 0.18 0.18 0.52 0.93 0.94 0.97 0.90 0.73 0.38 0.01 0.00 0.04 0.00 0.01 0.02 0.17 0.05 0.28 0.03 0.00 0.00 0.14 0.37 0.88 0.93 0.83 0.80 0.18 0.03 0.09 0.81 0.99 1.00 0.99 0.86 
0.07 0.56 0.68 0.93 0.96 0.95 0.86 0.87 0.34 0.04 0.00 0.00 0.00 0.00 0.01 0.03 0.31 0.31 0.89 0.44 0.10 0.15 0.87 0.93 0.98 0.91 0.41 0.18 0.01 0.00 0.00 0.11 0.78 0.99 1.00 0.99 
0.00 0.06 0.24 0.89 0.91 0.52 0.17 0.13 0.02 0.00 0.00 0.00 0.00 0.00 0.00 0.00 0.01 0.02 0.39 0.16 0.07 0.33 0.94 0.91 0.84 0.82 0.13 0.09 0.00 0.00 0.00 0.01 0.21 0.86 0.99 1.00 
