1.00 0.99 0.79 0.15 0.01 0.00 0.00 0.00 0.00 0.00 0.00 0.00 0.00 0.00 0.03 0.05 0.11 0.30 0.01 0.01 0.00 0.00 0.00 0.00 0.00 0.00 0.00 0.00 0.00 0.00 0.00 0.00 0.00 0.00 0.00 0.00 0.00 0.00 0.00 0.11 0.06 0.14 0.09 0.48 0.94 0.82 0.14 0.01 0.00 0.00 0.00 
0.99 1.00 0.99 0.84 0.16 0.01 0.00 0.02 0.08 0.01 0.00 0.00 0.01 0.01 0.15 0.08 0.07 0.06 0.00 0.00 0.00 0.00 0.00 0.00 0.00 0.01 0.00 0.00 0.00 0.00 0.00 0.00 0.00 0.00 0.00 0.00 0.00 0.01 0.03 0.48 0.22 0.15 0.10 0.68 0.90 0.88 0.44 0.03 0.00 0.00 0.00 
0.79 0.99 1.00 0.98 0.68 0.07 0.02 0.13 0.20 0.01 0.00 0.00 0.00 0.00 0.07 0.02 0.02 0.01 0.00 0.00 0.00 0.00 0.00 0.00 0.00 0.01 0.00 0.00 0.00 0.00 0.00 0.00 0.00 0.00 0.00 0.00 0.01 0.20 0.57 0.97 0.77 0.44 0.15 0.62 0.55 0.32 0.08 0.00 0.00 0.00 0.00 
0.15 0.84 0.98 1.00 0.98 0.72 0.44 0.85 0.88 0.16 0.01 0.00 0.03 0.03 0.29 0.05 0.02 0.00 0.00 0.00 0.00 0.00 0.02 0.04 0.03 0.24 0.04 0.04 0.00 0.00 0.00 0.00 0.00 0.00 0.00 0.08 0.13 0.57 0.74 0.96 0.88 0.29 0.17 0.69 0.27 0.22 0.15 0.01 0.00 0.00 0.00 
0.01 0.16 0.68 0.98 1.00 0.98 0.93 0.93 0.89 0.16 0.02 0.00 0.02 0.05 0.36 0.06 0.02 0.00 0.00 0.00 0.00 0.01 0.15 0.30 0.15 0.58 0.23 0.10 0.00 0.00 0.00 0.00 0.00 0.01 0.02 0.34 0.43 0.59 0.75 0.89 0.95 0.35 0.31 0.65 0.08 0.05 0.05 0.00 0.00 0.00 0.00 
0.00 0.01 0.07 0.72 0.98 1.00 0.99 0.91 0.94 0.47 0.20 0.02 0.14 0.26 0.58 0.08 0.02 0.00 0.00 0.00 0.00 0.04 0.49 0.88 0.80 0.96 0.86 0.39 0.02 0.00 0.00 0.00 0.01 0.02 0.02 0.25 0.12 0.08 0.08 0.15 0.49 0.04 0.10 0.32 0.02 0.02 0.05 0.00 0.00 0.00 0.00 
0.00 0.00 0.02 0.44 0.93 0.99 1.00 0.99 0.91 0.49 0.20 0.01 0.03 0.02 0.04 0.00 0.00 0.00 0.00 0.00 0.00 0.00 0.02 0.22 0.29 0.88 0.95 0.85 0.11 0.02 0.00 0.01 0.14 0.49 0.45 0.91 0.59 0.28 0.10 0.06 0.11 0.00 0.00 0.02 0.00 0.00 0.00 0.00 0.00 0.00 0.00 
0.00 0.02 0.13 0.85 0.93 0.91 0.99 1.00 0.98 0.82 0.23 0.02 0.05 0.02 0.04 0.00 0.00 0.00 0.00 0.00 0.00 0.00 0.00 0.04 0.11 0.82 0.84 0.92 0.27 0.14 0.01 0.02 0.39 0.53 0.49 0.89 0.56 0.61 0.20 0.15 0.09 0.00 0.00 0.02 0.00 0.00 0.01 0.00 0.00 0.00 0.00 
0.00 0.08 0.20 0.88 0.89 0.94 0.91 0.98 1.00 0.98 0.74 0.25 0.69 0.41 0.53 0.03 0.00 0.00 0.00 0.00 0.00 0.01 0.04 0.28 0.64 0.98 0.88 0.89 0.31 0.17 0.01 0.01 0.10 0.07 0.03 0.16 0.04 0.07 0.03 0.08 0.07 0.00 0.01 0.10 0.01 0.05 0.25 0.05 0.07 0.00 0.00 
0.00 0.01 0.01 0.16 0.16 0.47 0.49 0.82 0.98 1.00 0.99 0.88 0.93 0.45 0.20 0.01 0.00 0.00 0.00 0.00 0.00 0.00 0.01 0.10 0.67 0.98 0.92 0.97 0.88 0.73 0.09 0.05 0.23 0.08 0.01 0.02 0.00 0.00 0.00 0.00 0.00 0.00 0.00 0.01 0.00 0.01 0.13 0.08 0.34 0.02 0.00 
0.00 0.00 0.00 0.01 0.02 0.20 0.20 0.23 0.74 0.99 1.00 0.98 0.92 0.48 0.08 0.00 0.00 0.00 0.00 0.00 0.00 0.00 0.00 0.14 0.84 0.97 0.95 0.92 0.90 0.45 0.07 0.06 0.10 0.04 0.00 0.00 0.00 0.00 0.00 0.00 0.00 0.00 0.00 0.00 0.00 0.00 0.03 0.04 0.31 0.06 0.01 
0.00 0.00 0.00 0.00 0.00 0.02 0.01 0.02 0.25 0.88 0.98 1.00 0.98 0.77 0.11 0.00 0.00 0.00 0.00 0.00 0.00 0.00 0.00 0.07 0.75 0.75 0.37 0.23 0.30 0.09 0.01 0.00 0.00 0.00 0.00 0.00 0.00 0.00 0.00 0.00 0.00 0.00 0.00 0.00 0.00 0.00 0.09 0.31 0.91 0.71 0.32 
0.00 0.01 0.00 0.03 0.02 0.14 0.03 0.05 0.69 0.93 0.92 0.98 1.00 0.99 0.80 0.12 0.00 0.00 0.00 0.00 0.00 0.06 0.05 0.36 0.92 0.91 0.30 0.15 0.07 0.03 0.00 0.00 0.00 0.00 0.00 0.00 0.00 0.00 0.00 0.00 0.00 0.00 0.00 0.02 0.01 0.11 0.82 0.91 0.98 0.75 0.16 
0.00 0.01 0.00 0.03 0.05 0.26 0.02 0.02 0.41 0.45 0.48 0.77 0.99 1.00 0.98 0.79 0.08 0.01 0.00 0.05 0.10 0.75 0.62 0.89 0.98 0.83 0.13 0.02 0.00 0.00 0.00 0.00 0.00 0.00 0.00 0.00 0.00 0.00 0.00 0.00 0.00 0.00 0.01 0.15 0.05 0.37 0.93 0.93 0.88 0.49 0.03 
0.03 0.15 0.07 0.29 0.36 0.58 0.04 0.04 0.53 0.20 0.08 0.11 0.80 0.98 1.00 0.99 0.70 0.12 0.03 0.25 0.37 0.88 0.92 0.93 0.88 0.70 0.05 0.01 0.00 0.00 0.00 0.00 0.00 0.00 0.00 0.00 0.00 0.00 0.00 0.01 0.09 0.03 0.28 0.89 0.64 0.90 0.98 0.78 0.33 0.04 0.00 
0.05 0.08 0.02 0.05 0.06 0.08 0.00 0.00 0.03 0.01 0.00 0.00 0.12 0.79 0.99 1.00 0.99 0.79 0.57 0.92 0.94 0.97 0.95 0.67 0.27 0.06 0.00 0.00 0.00 0.00 0.00 0.00 0.00 0.00 0.00 0.00 0.00 0.00 0.00 0.01 0.05 0.06 0.64 0.94 0.88 0.92 0.89 0.44 0.04 0.01 0.00 
0.11 0.07 0.02 0.02 0.02 0.02 0.00 0.00 0.00 0.00 0.00 0.00 0.00 0.08 0.70 0.99 1.00 0.98 0.94 0.94 0.94 0.80 0.80 0.14 0.01 0.00 0.00 0.00 0.00 0.00 0.00 0.00 0.00 0.00 0.00 0.00 0.00 0.00 0.00 0.01 0.12 0.36 0.94 0.96 0.95 0.77 0.31 0.03 0.00 0.00 0.00 
0.30 0.06 0.01 0.00 0.00 0.00 0.00 0.00 0.00 0.00 0.00 0.00 0.00 0.01 0.12 0.79 0.98 1.00 0.98 0.92 0.63 0.15 0.08 0.00 0.00 0.00 0.00 0.00 0.00 0.00 0.00 0.00 0.00 0.00 0.00 0.00 0.00 0.00 0.00 0.00 0.01 0.12 0.61 0.71 0.95 0.69 0.10 0.01 0.00 0.00 0.00 
0.01 0.00 0.00 0.00 0.00 0.00 0.00 0.00 0.00 0.00 0.00 0.00 0.00 0.00 0.03 0.57 0.94 0.98 1.00 0.98 0.90 0.24 0.06 0.00 0.00 0.00 0.00 0.00 0.00 0.00 0.00 0.00 0.00 0.00 0.00 0.00 0.00 0.00 0.00 0.00 0.00 0.01 0.16 0.14 0.34 0.11 0.01 0.00 0.00 0.00 0.00 
0.01 0.00 0.00 0.00 0.00 0.00 0.00 0.00 0.00 0.00 0.00 0.00 0.00 0.05 0.25 0.92 0.94 0.92 0.98 1.00 0.98 0.84 0.30 0.02 0.00 0.00 0.00 0.00 0.00 0.00 0.00 0.00 0.00 0.00 0.00 0.00 0.00 0.00 0.00 0.00 0.00 0.00 0.09 0.19 0.33 0.34 0.15 0.05 0.00 0.00 0.00 
0.00 0.00 0.00 0.00 0.00 0.00 0.00 0.00 0.00 0.00 0.00 0.00 0.00 0.10 0.37 0.94 0.94 0.63 0.90 0.98 1.00 0.98 0.87 0.21 0.02 0.00 0.00 0.00 0.00 0.00 0.00 0.00 0.00 0.00 0.00 0.00 0.00 0.00 0.00 0.00 0.00 0.01 0.23 0.25 0.14 0.10 0.06 0.02 0.00 0.00 0.00 
0.00 0.00 0.00 0.00 0.01 0.04 0.00 0.00 0.01 0.00 0.00 0.00 0.06 0.75 0.88 0.97 0.80 0.15 0.24 0.84 0.98 1.00 0.99 0.89 0.46 0.04 0.00 0.00 0.00 0.00 0.00 0.00 0.00 0.00 0.00 0.00 0.00 0.00 0.00 0.00 0.00 0.00 0.14 0.32 0.09 0.15 0.27 0.11 0.01 0.01 0.00 
0.00 0.00 0.00 0.02 0.15 0.49 0.02 0.00 0.04 0.01 0.00 0.00 0.05 0.62 0.92 0.95 0.80 0.08 0.06 0.30 0.87 0.99 1.00 0.99 0.69 0.18 0.01 0.00 0.00 0.00 0.00 0.00 0.00 0.00 0.00 0.00 0.00 0.00 0.00 0.00 0.09 0.05 0.62 0.73 0.14 0.11 0.16 0.03 0.00 0.00 0.00 
0.00 0.00 0.00 0.04 0.30 0.88 0.22 0.04 0.28 0.10 0.14 0.07 0.36 0.89 0.93 0.67 0.14 0.00 0.00 0.02 0.21 0.89 0.99 1.00 0.99 0.85 0.33 0.02 0.00 0.00 0.00 0.00 0.00 0.00 0.00 0.00 0.00 0.00 0.00 0.00 0.04 0.01 0.10 0.30 0.02 0.04 0.17 0.04 0.02 0.00 0.00 
0.00 0.00 0.00 0.03 0.15 0.80 0.29 0.11 0.64 0.67 0.84 0.75 0.92 0.98 0.88 0.27 0.01 0.00 0.00 0.00 0.02 0.46 0.69 0.99 1.00 0.98 0.81 0.18 0.03 0.00 0.00 0.00 0.00 0.00 0.00 0.00 0.00 0.00 0.00 0.00 0.01 0.00 0.01 0.05 0.01 0.02 0.26 0.17 0.23 0.05 0.00 
0.00 0.01 0.01 0.24 0.58 0.96 0.88 0.82 0.98 0.98 0.97 0.75 0.91 0.83 0.70 0.06 0.00 0.00 0.00 0.00 0.00 0.04 0.18 0.85 0.98 1.00 0.99 0.88 0.36 0.06 0.00 0.01 0.04 0.04 0.01 0.04 0.00 0.00 0.00 0.01 0.02 0.00 0.00 0.05 0.00 0.02 0.19 0.07 0.15 0.01 0.00 
0.00 0.00 0.00 0.04 0.23 0.86 0.95 0.84 0.88 0.92 0.95 0.37 0.30 0.13 0.05 0.00 0.00 0.00 0.00 0.00 0.00 0.00 0.01 0.33 0.81 0.99 1.00 0.98 0.79 0.16 0.02 0.07 0.31 0.45 0.09 0.18 0.01 0.00 0.00 0.00 0.00 0.00 0.00 0.00 0.00 0.00 0.01 0.00 0.01 0.00 0.00 
0.00 0.00 0.00 0.04 0.10 0.39 0.85 0.92 0.89 0.97 0.92 0.23 0.15 0.02 0.01 0.00 0.00 0.00 0.00 0.00 0.00 0.00 0.00 0.02 0.18 0.88 0.98 1.00 0.99 0.86 0.37 0.63 0.93 0.88 0.34 0.33 0.02 0.01 0.00 0.00 0.00 0.00 0.00 0.00 0.00 0.00 0.00 0.00 0.01 0.00 0.00 
0.00 0.00 0.00 0.00 0.00 0.02 0.11 0.27 0.31 0.88 0.90 0.30 0.07 0.00 0.00 0.00 0.00 0.00 0.00 0.00 0.00 0.00 0.00 0.00 0.03 0.36 0.79 0.99 1.00 0.99 0.94 0.95 0.95 0.63 0.05 0.02 0.00 0.00 0.00 0.00 0.00 0.00 0.00 0.00 0.00 0.00 0.00 0.00 0.01 0.00 0.00 
0.00 0.00 0.00 0.00 0.00 0.00 0.02 0.14 0.17 0.73 0.45 0.09 0.03 0.00 0.00 0.00 0.00 0.00 0.00 0.00 0.00 0.00 0.00 0.00 0.00 0.06 0.16 0.86 0.99 1.00 0.98 0.90 0.92 0.26 0.02 0.01 0.00 0.00 0.00 0.00 0.00 0.00 0.00 0.00 0.00 0.00 0.00 0.00 0.00 0.00 0.00 
0.00 0.00 0.00 0.00 0.00 0.00 0.00 0.01 0.01 0.09 0.07 0.01 0.00 0.00 0.00 0.00 0.00 0.00 0.00 0.00 0.00 0.00 0.00 0.00 0.00 0.00 0.02 0.37 0.94 0.98 1.00 0.98 0.87 0.17 0.01 0.00 0.00 0.00 0.00 0.00 0.00 0.00 0.00 0.00 0.00 0.00 0.00 0.00 0.00 0.00 0.00 
0.00 0.00 0.00 0.00 0.00 0.00 0.01 0.02 0.01 0.05 0.06 0.00 0.00 0.00 0.00 0.00 0.00 0.00 0.00 0.00 0.00 0.00 0.00 0.00 0.00 0.01 0.07 0.63 0.95 0.90 0.98 1.00 0.98 0.81 0.12 0.01 0.00 0.00 0.00 0.00 0.00 0.00 0.00 0.00 0.00 0.00 0.00 0.00 0.00 0.00 0.00 
0.00 0.00 0.00 0.00 0.00 0.01 0.14 0.39 0.10 0.23 0.10 0.00 0.00 0.00 0.00 0.00 0.00 0.00 0.00 0.00 0.00 0.00 0.00 0.00 0.00 0.04 0.31 0.93 0.95 0.92 0.87 0.98 1.00 0.99 0.77 0.28 0.01 0.00 0.00 0.00 0.00 0.00 0.00 0.00 0.00 0.00 0.00 0.00 0.00 0.00 0.00 
0.00 0.00 0.00 0.00 0.01 0.02 0.49 0.53 0.07 0.08 0.04 0.00 0.00 0.00 0.00 0.00 0.00 0.00 0.00 0.00 0.00 0.00 0.00 0.00 0.00 0.04 0.45 0.88 0.63 0.26 0.17 0.81 0.99 1.00 0.99 0.85 0.11 0.02 0.00 0.00 0.00 0.00 0.00 0.00 0.00 0.00 0.00 0.00 0.00 0.00 0.00 
0.00 0.00 0.00 0.00 0.02 0.02 0.45 0.49 0.03 0.01 0.00 0.00 0.00 0.00 0.00 0.00 0.00 0.00 0.00 0.00 0.00 0.00 0.00 0.00 0.00 0.01 0.09 0.34 0.05 0.02 0.01 0.12 0.77 0.99 1.00 0.99 0.71 0.22 0.01 0.00 0.00 0.00 0.00 0.00 0.00 0.00 0.00 0.00 0.00 0.00 0.00 
0.00 0.00 0.00 0.08 0.34 0.25 0.91 0.89 0.16 0.02 0.00 0.00 0.00 0.00 0.00 0.00 0.00 0.00 0.00 0.00 0.00 0.00 0.00 0.00 0.00 0.04 0.18 0.33 0.02 0.01 0.00 0.01 0.28 0.85 0.99 1.00 0.99 0.85 0.24 0.03 0.01 0.00 0.00 0.00 0.00 0.00 0.00 0.00 0.00 0.00 0.00 
0.00 0.00 0.01 0.13 0.43 0.12 0.59 0.56 0.04 0.00 0.00 0.00 0.00 0.00 0.00 0.00 0.00 0.00 0.00 0.00 0.00 0.00 0.00 0.00 0.00 0.00 0.01 0.02 0.00 0.00 0.00 0.00 0.01 0.11 0.71 0.99 1.00 0.98 0.86 0.20 0.08 0.00 0.00 0.00 0.00 0.00 0.00 0.00 0.00 0.00 0.00 
0.00 0.01 0.20 0.57 0.59 0.08 0.28 0.61 0.07 0.00 0.00 0.00 0.00 0.00 0.00 0.00 0.00 0.00 0.00 0.00 0.00 0.00 0.00 0.00 0.00 0.00 0.00 0.01 0.00 0.00 0.00 0.00 0.00 0.02 0.22 0.85 0.98 1.00 0.98 0.77 0.25 0.01 0.00 0.00 0.00 0.00 0.00 0.00 0.00 0.00 0.00 
0.00 0.03 0.57 0.74 0.75 0.08 0.10 0.20 0.03 0.00 0.00 0.00 0.00 0.00 0.00 0.00 0.00 0.00 0.00 0.00 0.00 0.00 0.00 0.00 0.00 0.00 0.00 0.00 0.00 0.00 0.00 0.00 0.00 0.00 0.01 0.24 0.86 0.98 1.00 0.99 0.86 0.26 0.03 0.03 0.00 0.00 0.00 0.00 0.00 0.00 0.00 
0.11 0.48 0.97 0.96 0.89 0.15 0.06 0.15 0.08 0.00 0.00 0.00 0.00 0.00 0.01 0.01 0.01 0.00 0.00 0.00 0.00 0.00 0.00 0.00 0.00 0.01 0.00 0.00 0.00 0.00 0.00 0.00 0.00 0.00 0.00 0.03 0.20 0.77 0.99 1.00 0.98 0.86 0.32 0.45 0.12 0.02 0.00 0.00 0.00 0.00 0.00 
0.06 0.22 0.77 0.88 0.95 0.49 0.11 0.09 0.07 0.00 0.00 0.00 0.00 0.00 0.09 0.05 0.12 0.01 0.00 0.00 0.00 0.00 0.09 0.04 0.01 0.02 0.00 0.00 0.00 0.00 0.00 0.00 0.00 0.00 0.00 0.01 0.08 0.25 0.86 0.98 1.00 0.98 0.92 0.88 0.31 0.04 0.01 0.00 0.00 0.00 0.00 
0.14 0.15 0.44 0.29 0.35 0.04 0.00 0.00 0.00 0.00 0.00 0.00 0.00 0.00 0.03 0.06 0.36 0.12 0.01 0.00 0.01 0.00 0.05 0.01 0.00 0.00 0.00 0.00 0.00 0.00 0.00 0.00 0.00 0.00 0.00 0.00 0.00 0.01 0.26 0.86 0.98 1.00 0.98 0.89 0.57 0.05 0.00 0.00 0.00 0.00 0.00 
0.09 0.10 0.15 0.17 0.31 0.10 0.00 0.00 0.01 0.00 0.00 0.00 0.00 0.01 0.28 0.64 0.94 0.61 0.16 0.09 0.23 0.14 0.62 0.10 0.01 0.00 0.00 0.00 0.00 0.00 0.00 0.00 0.00 0.00 0.00 0.00 0.00 0.00 0.03 0.32 0.92 0.98 1.00 0.99 0.84 0.22 0.03 0.00 0.00 0.00 0.00 
0.48 0.68 0.62 0.69 0.65 0.32 0.02 0.02 0.10 0.01 0.00 0.00 0.02 0.15 0.89 0.94 0.96 0.71 0.14 0.19 0.25 0.32 0.73 0.30 0.05 0.05 0.00 0.00 0.00 0.00 0.00 0.00 0.00 0.00 0.00 0.00 0.00 0.00 0.03 0.45 0.88 0.89 0.99 1.00 0.99 0.90 0.56 0.03 0.00 0.00 0.00 
0.94 0.90 0.55 0.27 0.08 0.02 0.00 0.00 0.01 0.00 0.00 0.00 0.01 0.05 0.64 0.88 0.95 0.95 0.34 0.33 0.14 0.09 0.14 0.02 0.01 0.00 0.00 0.00 0.00 0.00 0.00 0.00 0.00 0.00 0.00 0.00 0.00 0.00 0.00 0.12 0.31 0.57 0.84 0.99 1.00 0.99 0.69 0.06 0.00 0.00 0.00 
0.82 0.88 0.32 0.22 0.05 0.02 0.00 0.00 0.05 0.01 0.00 0.00 0.11 0.37 0.90 0.92 0.77 0.69 0.11 0.34 0.10 0.15 0.11 0.04 0.02 0.02 0.00 0.00 0.00 0.00 0.00 0.00 0.00 0.00 0.00 0.00 0.00 0.00 0.00 0.02 0.04 0.05 0.22 0.90 0.99 1.00 0.99 0.72 0.09 0.01 0.00 
0.14 0.44 0.08 0.15 0.05 0.05 0.00 0.01 0.25 0.13 0.03 0.09 0.82 0.93 0.98 0.89 0.31 0.10 0.01 0.15 0.06 0.27 0.16 0.17 0.26 0.19 0.01 0.00 0.00 0.00 0.00 0.00 0.00 0.00 0.00 0.00 0.00 0.00 0.00 0.00 0.01 0.00 0.03 0.56 0.69 0.99 1.00 0.99 0.79 0.17 0.01 
0.01 0.03 0.00 0.01 0.00 0.00 0.00 0.00 0.05 0.08 0.04 0.31 0.91 0.93 0.78 0.44 0.03 0.01 0.00 0.05 0.02 0.11 0.03 0.04 0.17 0.07 0.00 0.00 0.00 0.00 0.00 0.00 0.00 0.00 0.00 0.00 0.00 0.00 0.00 0.00 0.00 0.00 0.00 0.03 0.06 0.72 0.99 1.00 0.98 0.88 0.22 
0.00 0.00 0.00 0.00 0.00 0.00 0.00 0.00 0.07 0.34 0.31 0.91 0.98 0.88 0.33 0.04 0.00 0.00 0.00 0.00 0.00 0.01 0.00 0.02 0.23 0.15 0.01 0.01 0.01 0.00 0.00 0.00 0.00 0.00 0.00 0.00 0.00 0.00 0.00 0.00 0.00 0.00 0.00 0.00 0.00 0.09 0.79 0.98 1.00 0.98 0.82 
0.00 0.00 0.00 0.00 0.00 0.00 0.00 0.00 0.00 0.02 0.06 0.71 0.75 0.49 0.04 0.01 0.00 0.00 0.00 0.00 0.00 0.01 0.00 0.00 0.05 0.01 0.00 0.00 0.00 0.00 0.00 0.00 0.00 0.00 0.00 0.00 0.00 0.00 0.00 0.00 0.00 0.00 0.00 0.00 0.00 0.01 0.17 0.88 0.98 1.00 0.98 
0.00 0.00 0.00 0.00 0.00 0.00 0.00 0.00 0.00 0.00 0.01 0.32 0.16 0.03 0.00 0.00 0.00 0.00 0.00 0.00 0.00 0.00 0.00 0.00 0.00 0.00 0.00 0.00 0.00 0.00 0.00 0.00 0.00 0.00 0.00 0.00 0.00 0.00 0.00 0.00 0.00 0.00 0.00 0.00 0.00 0.00 0.01 0.22 0.82 0.98 1.00 
