1.00 0.99 0.75 0.27 0.05 0.01 0.00 0.00 0.00 0.00 0.00 0.00 0.00 0.00 0.00 0.00 0.00 0.00 0.00 0.00 0.02 0.00 0.00 0.00 0.00 0.00 0.00 0.00 0.00 0.00 0.00 0.00 0.00 0.00 0.00 0.00 0.00 0.00 0.00 0.00 0.05 0.00 0.00 0.00 0.00 0.00 0.00 0.00 0.00 0.00 
0.99 1.00 0.98 0.86 0.26 0.04 0.00 0.00 0.00 0.00 0.00 0.00 0.00 0.00 0.00 0.00 0.00 0.00 0.00 0.01 0.13 0.06 0.10 0.00 0.00 0.00 0.00 0.00 0.00 0.00 0.00 0.00 0.00 0.00 0.00 0.00 0.00 0.01 0.05 0.02 0.14 0.01 0.00 0.02 0.00 0.00 0.00 0.00 0.00 0.00 
0.75 0.98 1.00 0.98 0.69 0.09 0.01 0.00 0.00 0.00 0.00 0.00 0.00 0.00 0.00 0.00 0.00 0.00 0.00 0.01 0.19 0.24 0.61 0.09 0.06 0.00 0.00 0.00 0.00 0.00 0.00 0.00 0.00 0.00 0.00 0.00 0.01 0.01 0.04 0.01 0.03 0.00 0.00 0.00 0.00 0.00 0.00 0.00 0.00 0.00 
0.27 0.86 0.98 1.00 0.98 0.73 0.27 0.02 0.00 0.00 0.00 0.00 0.00 0.00 0.00 0.00 0.00 0.00 0.02 0.15 0.88 0.91 0.95 0.40 0.10 0.00 0.00 0.00 0.00 0.00 0.00 0.00 0.00 0.00 0.00 0.04 0.12 0.19 0.27 0.05 0.13 0.00 0.00 0.01 0.00 0.01 0.00 0.00 0.00 0.00 
0.05 0.26 0.69 0.98 1.00 0.98 0.89 0.24 0.04 0.01 0.00 0.00 0.00 0.00 0.00 0.00 0.00 0.01 0.09 0.35 0.94 0.89 0.79 0.16 0.01 0.00 0.00 0.00 0.00 0.00 0.00 0.00 0.00 0.00 0.00 0.02 0.03 0.11 0.11 0.04 0.11 0.00 0.00 0.00 0.00 0.00 0.00 0.00 0.00 0.00 
0.01 0.04 0.09 0.73 0.98 1.00 0.99 0.87 0.25 0.06 0.02 0.01 0.00 0.00 0.00 0.00 0.01 0.17 0.74 0.86 0.97 0.76 0.22 0.01 0.00 0.00 0.00 0.00 0.00 0.00 0.00 0.00 0.00 0.00 0.00 0.00 0.01 0.12 0.14 0.17 0.36 0.03 0.00 0.00 0.00 0.00 0.00 0.00 0.00 0.00 
0.00 0.00 0.01 0.27 0.89 0.99 1.00 0.98 0.90 0.40 0.08 0.01 0.00 0.00 0.00 0.00 0.01 0.31 0.59 0.82 0.93 0.83 0.23 0.03 0.00 0.00 0.00 0.00 0.00 0.00 0.00 0.00 0.00 0.00 0.00 0.02 0.03 0.24 0.10 0.08 0.06 0.00 0.00 0.00 0.00 0.00 0.00 0.00 0.00 0.00 
0.00 0.00 0.00 0.02 0.24 0.87 0.98 1.00 0.98 0.91 0.71 0.17 0.01 0.00 0.01 0.02 0.27 0.94 0.93 0.95 0.83 0.46 0.02 0.00 0.00 0.00 0.00 0.00 0.00 0.00 0.00 0.00 0.00 0.00 0.00 0.01 0.01 0.25 0.13 0.25 0.11 0.02 0.00 0.00 0.00 0.01 0.00 0.00 0.00 0.00 
0.00 0.00 0.00 0.00 0.04 0.25 0.90 0.98 1.00 0.99 0.75 0.12 0.01 0.00 0.00 0.01 0.06 0.63 0.32 0.62 0.39 0.35 0.02 0.01 0.00 0.00 0.00 0.00 0.00 0.00 0.00 0.00 0.00 0.00 0.00 0.03 0.03 0.34 0.06 0.06 0.01 0.00 0.00 0.00 0.00 0.01 0.01 0.02 0.05 0.00 
0.00 0.00 0.00 0.00 0.01 0.06 0.40 0.91 0.99 1.00 0.98 0.78 0.20 0.02 0.02 0.15 0.27 0.74 0.36 0.76 0.31 0.26 0.01 0.00 0.00 0.00 0.00 0.00 0.00 0.00 0.00 0.00 0.00 0.00 0.00 0.03 0.09 0.69 0.27 0.30 0.02 0.01 0.00 0.00 0.03 0.08 0.12 0.10 0.19 0.01 
0.00 0.00 0.00 0.00 0.00 0.02 0.08 0.71 0.75 0.98 1.00 0.99 0.80 0.33 0.43 0.89 0.91 0.94 0.66 0.80 0.13 0.04 0.00 0.00 0.00 0.00 0.00 0.00 0.00 0.00 0.00 0.00 0.00 0.00 0.00 0.00 0.01 0.28 0.23 0.59 0.07 0.08 0.02 0.02 0.15 0.10 0.07 0.02 0.01 0.00 
0.00 0.00 0.00 0.00 0.00 0.01 0.01 0.17 0.12 0.78 0.99 1.00 0.99 0.92 0.88 0.93 0.83 0.67 0.50 0.76 0.11 0.03 0.00 0.00 0.00 0.00 0.00 0.00 0.00 0.00 0.00 0.00 0.00 0.00 0.00 0.00 0.01 0.33 0.58 0.92 0.29 0.43 0.37 0.37 0.85 0.56 0.27 0.03 0.01 0.00 
0.00 0.00 0.00 0.00 0.00 0.00 0.00 0.01 0.01 0.20 0.80 0.99 1.00 0.98 0.82 0.87 0.30 0.07 0.02 0.07 0.00 0.00 0.00 0.00 0.00 0.00 0.00 0.00 0.00 0.00 0.00 0.00 0.00 0.00 0.00 0.00 0.00 0.05 0.11 0.38 0.02 0.07 0.17 0.15 0.80 0.38 0.24 0.02 0.00 0.00 
0.00 0.00 0.00 0.00 0.00 0.00 0.00 0.00 0.00 0.02 0.33 0.92 0.98 1.00 0.99 0.93 0.40 0.04 0.02 0.03 0.00 0.00 0.00 0.00 0.00 0.00 0.00 0.00 0.00 0.00 0.00 0.00 0.00 0.00 0.00 0.00 0.00 0.00 0.03 0.25 0.03 0.24 0.59 0.23 0.67 0.08 0.02 0.00 0.00 0.00 
0.00 0.00 0.00 0.00 0.00 0.00 0.00 0.01 0.00 0.02 0.43 0.88 0.82 0.99 1.00 0.98 0.92 0.30 0.19 0.08 0.00 0.00 0.00 0.00 0.00 0.00 0.00 0.00 0.00 0.00 0.00 0.00 0.00 0.00 0.00 0.00 0.00 0.00 0.02 0.32 0.10 0.66 0.68 0.15 0.27 0.02 0.00 0.00 0.00 0.00 
0.00 0.00 0.00 0.00 0.00 0.00 0.00 0.02 0.01 0.15 0.89 0.93 0.87 0.93 0.98 1.00 0.98 0.69 0.21 0.09 0.00 0.00 0.00 0.00 0.00 0.00 0.00 0.00 0.00 0.00 0.00 0.00 0.00 0.00 0.00 0.00 0.00 0.00 0.01 0.14 0.02 0.13 0.08 0.02 0.07 0.01 0.00 0.00 0.00 0.00 
0.00 0.00 0.00 0.00 0.00 0.01 0.01 0.27 0.06 0.27 0.91 0.83 0.30 0.40 0.92 0.98 1.00 0.98 0.86 0.45 0.02 0.00 0.00 0.00 0.00 0.00 0.00 0.00 0.00 0.00 0.00 0.00 0.00 0.00 0.00 0.00 0.00 0.00 0.01 0.26 0.09 0.32 0.06 0.01 0.02 0.00 0.00 0.00 0.00 0.00 
0.00 0.00 0.00 0.00 0.01 0.17 0.31 0.94 0.63 0.74 0.94 0.67 0.07 0.04 0.30 0.69 0.98 1.00 0.98 0.88 0.21 0.02 0.00 0.00 0.00 0.00 0.00 0.00 0.00 0.00 0.00 0.00 0.00 0.00 0.00 0.00 0.00 0.03 0.05 0.37 0.17 0.19 0.02 0.01 0.01 0.00 0.00 0.00 0.00 0.00 
0.00 0.00 0.00 0.02 0.09 0.74 0.59 0.93 0.32 0.36 0.66 0.50 0.02 0.02 0.19 0.21 0.86 0.98 1.00 0.99 0.78 0.11 0.00 0.00 0.00 0.00 0.00 0.00 0.00 0.00 0.00 0.00 0.00 0.00 0.00 0.00 0.00 0.08 0.25 0.82 0.85 0.75 0.10 0.06 0.04 0.01 0.00 0.00 0.00 0.00 
0.00 0.01 0.01 0.15 0.35 0.86 0.82 0.95 0.62 0.76 0.80 0.76 0.07 0.03 0.08 0.09 0.45 0.88 0.99 1.00 0.99 0.78 0.09 0.00 0.00 0.00 0.00 0.00 0.00 0.00 0.00 0.00 0.00 0.00 0.00 0.01 0.08 0.78 0.91 0.98 0.94 0.66 0.14 0.28 0.26 0.26 0.05 0.02 0.01 0.00 
0.02 0.13 0.19 0.88 0.94 0.97 0.93 0.83 0.39 0.31 0.13 0.11 0.00 0.00 0.00 0.00 0.02 0.21 0.78 0.99 1.00 0.99 0.73 0.08 0.01 0.00 0.00 0.00 0.00 0.00 0.00 0.00 0.00 0.00 0.00 0.06 0.30 0.88 0.93 0.87 0.84 0.16 0.02 0.11 0.07 0.18 0.04 0.02 0.01 0.00 
0.00 0.06 0.24 0.91 0.89 0.76 0.83 0.46 0.35 0.26 0.04 0.03 0.00 0.00 0.00 0.00 0.00 0.02 0.11 0.78 0.99 1.00 0.99 0.77 0.15 0.01 0.00 0.00 0.00 0.00 0.00 0.00 0.00 0.01 0.08 0.72 0.90 0.97 0.89 0.40 0.19 0.01 0.00 0.02 0.02 0.21 0.14 0.22 0.12 0.05 
0.00 0.10 0.61 0.95 0.79 0.22 0.23 0.02 0.02 0.01 0.00 0.00 0.00 0.00 0.00 0.00 0.00 0.00 0.00 0.09 0.73 0.99 1.00 0.99 0.85 0.13 0.02 0.00 0.00 0.00 0.00 0.00 0.00 0.14 0.37 0.86 0.89 0.75 0.40 0.03 0.02 0.00 0.00 0.00 0.00 0.04 0.03 0.12 0.05 0.07 
0.00 0.00 0.09 0.40 0.16 0.01 0.03 0.00 0.01 0.00 0.00 0.00 0.00 0.00 0.00 0.00 0.00 0.00 0.00 0.00 0.08 0.77 0.99 1.00 0.99 0.75 0.13 0.01 0.01 0.04 0.00 0.01 0.14 0.85 0.89 0.96 0.78 0.26 0.03 0.00 0.00 0.00 0.00 0.00 0.00 0.00 0.01 0.09 0.09 0.32 
0.00 0.00 0.06 0.10 0.01 0.00 0.00 0.00 0.00 0.00 0.00 0.00 0.00 0.00 0.00 0.00 0.00 0.00 0.00 0.00 0.01 0.15 0.85 0.99 1.00 0.98 0.84 0.25 0.18 0.34 0.03 0.12 0.44 0.93 0.92 0.79 0.48 0.04 0.01 0.00 0.00 0.00 0.00 0.00 0.00 0.00 0.00 0.04 0.02 0.16 
0.00 0.00 0.00 0.00 0.00 0.00 0.00 0.00 0.00 0.00 0.00 0.00 0.00 0.00 0.00 0.00 0.00 0.00 0.00 0.00 0.00 0.01 0.13 0.75 0.98 1.00 0.98 0.83 0.79 0.85 0.47 0.85 0.94 0.98 0.93 0.42 0.09 0.00 0.00 0.00 0.00 0.00 0.00 0.00 0.00 0.00 0.00 0.01 0.01 0.15 
0.00 0.00 0.00 0.00 0.00 0.00 0.00 0.00 0.00 0.00 0.00 0.00 0.00 0.00 0.00 0.00 0.00 0.00 0.00 0.00 0.00 0.00 0.02 0.13 0.84 0.98 1.00 0.98 0.85 0.52 0.19 0.75 0.58 0.64 0.62 0.07 0.03 0.00 0.00 0.00 0.00 0.00 0.00 0.00 0.00 0.00 0.00 0.01 0.00 0.03 
0.00 0.00 0.00 0.00 0.00 0.00 0.00 0.00 0.00 0.00 0.00 0.00 0.00 0.00 0.00 0.00 0.00 0.00 0.00 0.00 0.00 0.00 0.00 0.01 0.25 0.83 0.98 1.00 0.98 0.71 0.39 0.76 0.25 0.11 0.04 0.00 0.00 0.00 0.00 0.00 0.00 0.00 0.00 0.00 0.00 0.00 0.00 0.00 0.00 0.00 
0.00 0.00 0.00 0.00 0.00 0.00 0.00 0.00 0.00 0.00 0.00 0.00 0.00 0.00 0.00 0.00 0.00 0.00 0.00 0.00 0.00 0.00 0.00 0.01 0.18 0.79 0.85 0.98 1.00 0.99 0.93 0.91 0.52 0.16 0.02 0.00 0.00 0.00 0.00 0.00 0.00 0.00 0.00 0.00 0.00 0.00 0.00 0.00 0.00 0.00 
0.00 0.00 0.00 0.00 0.00 0.00 0.00 0.00 0.00 0.00 0.00 0.00 0.00 0.00 0.00 0.00 0.00 0.00 0.00 0.00 0.00 0.00 0.00 0.04 0.34 0.85 0.52 0.71 0.99 1.00 0.98 0.92 0.86 0.52 0.05 0.00 0.00 0.00 0.00 0.00 0.00 0.00 0.00 0.00 0.00 0.00 0.00 0.00 0.00 0.00 
0.00 0.00 0.00 0.00 0.00 0.00 0.00 0.00 0.00 0.00 0.00 0.00 0.00 0.00 0.00 0.00 0.00 0.00 0.00 0.00 0.00 0.00 0.00 0.00 0.03 0.47 0.19 0.39 0.93 0.98 1.00 0.98 0.92 0.31 0.02 0.00 0.00 0.00 0.00 0.00 0.00 0.00 0.00 0.00 0.00 0.00 0.00 0.00 0.00 0.00 
0.00 0.00 0.00 0.00 0.00 0.00 0.00 0.00 0.00 0.00 0.00 0.00 0.00 0.00 0.00 0.00 0.00 0.00 0.00 0.00 0.00 0.00 0.00 0.01 0.12 0.85 0.75 0.76 0.91 0.92 0.98 1.00 0.98 0.72 0.17 0.01 0.00 0.00 0.00 0.00 0.00 0.00 0.00 0.00 0.00 0.00 0.00 0.00 0.00 0.01 
0.00 0.00 0.00 0.00 0.00 0.00 0.00 0.00 0.00 0.00 0.00 0.00 0.00 0.00 0.00 0.00 0.00 0.00 0.00 0.00 0.00 0.00 0.00 0.14 0.44 0.94 0.58 0.25 0.52 0.86 0.92 0.98 1.00 0.98 0.73 0.09 0.00 0.00 0.00 0.00 0.00 0.00 0.00 0.00 0.00 0.00 0.00 0.00 0.00 0.12 
0.00 0.00 0.00 0.00 0.00 0.00 0.00 0.00 0.00 0.00 0.00 0.00 0.00 0.00 0.00 0.00 0.00 0.00 0.00 0.00 0.00 0.01 0.14 0.85 0.93 0.98 0.64 0.11 0.16 0.52 0.31 0.72 0.98 1.00 0.99 0.80 0.14 0.01 0.00 0.00 0.00 0.00 0.00 0.00 0.00 0.00 0.00 0.03 0.06 0.67 
0.00 0.00 0.00 0.00 0.00 0.00 0.00 0.00 0.00 0.00 0.00 0.00 0.00 0.00 0.00 0.00 0.00 0.00 0.00 0.00 0.00 0.08 0.37 0.89 0.92 0.93 0.62 0.04 0.02 0.05 0.02 0.17 0.73 0.99 1.00 0.98 0.81 0.10 0.01 0.00 0.00 0.00 0.00 0.00 0.00 0.00 0.04 0.53 0.62 0.97 
0.00 0.00 0.00 0.04 0.02 0.00 0.02 0.01 0.03 0.03 0.00 0.00 0.00 0.00 0.00 0.00 0.00 0.00 0.00 0.01 0.06 0.72 0.86 0.96 0.79 0.42 0.07 0.00 0.00 0.00 0.00 0.01 0.09 0.80 0.98 1.00 0.98 0.78 0.11 0.00 0.00 0.00 0.00 0.00 0.00 0.04 0.23 0.88 0.92 0.97 
0.00 0.00 0.01 0.12 0.03 0.01 0.03 0.01 0.03 0.09 0.01 0.01 0.00 0.00 0.00 0.00 0.00 0.00 0.00 0.08 0.30 0.90 0.89 0.78 0.48 0.09 0.03 0.00 0.00 0.00 0.00 0.00 0.00 0.14 0.81 0.98 1.00 0.98 0.79 0.09 0.01 0.00 0.00 0.01 0.05 0.66 0.88 0.98 0.89 0.78 
0.00 0.01 0.01 0.19 0.11 0.12 0.24 0.25 0.34 0.69 0.28 0.33 0.05 0.00 0.00 0.00 0.00 0.03 0.08 0.78 0.88 0.97 0.75 0.26 0.04 0.00 0.00 0.00 0.00 0.00 0.00 0.00 0.00 0.01 0.10 0.78 0.98 1.00 0.99 0.77 0.19 0.02 0.01 0.12 0.37 0.91 0.92 0.91 0.67 0.18 
0.00 0.05 0.04 0.27 0.11 0.14 0.10 0.13 0.06 0.27 0.23 0.58 0.11 0.03 0.02 0.01 0.01 0.05 0.25 0.91 0.93 0.89 0.40 0.03 0.01 0.00 0.00 0.00 0.00 0.00 0.00 0.00 0.00 0.00 0.01 0.11 0.79 0.99 1.00 0.99 0.85 0.33 0.23 0.84 0.90 0.98 0.82 0.41 0.06 0.01 
0.00 0.02 0.01 0.05 0.04 0.17 0.08 0.25 0.06 0.30 0.59 0.92 0.38 0.25 0.32 0.14 0.26 0.37 0.82 0.98 0.87 0.40 0.03 0.00 0.00 0.00 0.00 0.00 0.00 0.00 0.00 0.00 0.00 0.00 0.00 0.00 0.09 0.77 0.99 1.00 0.99 0.94 0.84 0.96 0.95 0.87 0.28 0.03 0.00 0.00 
0.05 0.14 0.03 0.13 0.11 0.36 0.06 0.11 0.01 0.02 0.07 0.29 0.02 0.03 0.10 0.02 0.09 0.17 0.85 0.94 0.84 0.19 0.02 0.00 0.00 0.00 0.00 0.00 0.00 0.00 0.00 0.00 0.00 0.00 0.00 0.00 0.01 0.19 0.85 0.99 1.00 0.99 0.85 0.92 0.52 0.25 0.01 0.00 0.00 0.00 
0.00 0.01 0.00 0.00 0.00 0.03 0.00 0.02 0.00 0.01 0.08 0.43 0.07 0.24 0.66 0.13 0.32 0.19 0.75 0.66 0.16 0.01 0.00 0.00 0.00 0.00 0.00 0.00 0.00 0.00 0.00 0.00 0.00 0.00 0.00 0.00 0.00 0.02 0.33 0.94 0.99 1.00 0.98 0.91 0.55 0.08 0.00 0.00 0.00 0.00 
0.00 0.00 0.00 0.00 0.00 0.00 0.00 0.00 0.00 0.00 0.02 0.37 0.17 0.59 0.68 0.08 0.06 0.02 0.10 0.14 0.02 0.00 0.00 0.00 0.00 0.00 0.00 0.00 0.00 0.00 0.00 0.00 0.00 0.00 0.00 0.00 0.00 0.01 0.23 0.84 0.85 0.98 1.00 0.99 0.89 0.21 0.01 0.00 0.00 0.00 
0.00 0.02 0.00 0.01 0.00 0.00 0.00 0.00 0.00 0.00 0.02 0.37 0.15 0.23 0.15 0.02 0.01 0.01 0.06 0.28 0.11 0.02 0.00 0.00 0.00 0.00 0.00 0.00 0.00 0.00 0.00 0.00 0.00 0.00 0.00 0.00 0.01 0.12 0.84 0.96 0.92 0.91 0.99 1.00 0.98 0.85 0.12 0.01 0.00 0.00 
0.00 0.00 0.00 0.00 0.00 0.00 0.00 0.00 0.00 0.03 0.15 0.85 0.80 0.67 0.27 0.07 0.02 0.01 0.04 0.26 0.07 0.02 0.00 0.00 0.00 0.00 0.00 0.00 0.00 0.00 0.00 0.00 0.00 0.00 0.00 0.00 0.05 0.37 0.90 0.95 0.52 0.55 0.89 0.98 1.00 0.98 0.73 0.07 0.00 0.00 
0.00 0.00 0.00 0.01 0.00 0.00 0.00 0.01 0.01 0.08 0.10 0.56 0.38 0.08 0.02 0.01 0.00 0.00 0.01 0.26 0.18 0.21 0.04 0.00 0.00 0.00 0.00 0.00 0.00 0.00 0.00 0.00 0.00 0.00 0.00 0.04 0.66 0.91 0.98 0.87 0.25 0.08 0.21 0.85 0.98 1.00 0.99 0.71 0.09 0.01 
0.00 0.00 0.00 0.00 0.00 0.00 0.00 0.00 0.01 0.12 0.07 0.27 0.24 0.02 0.00 0.00 0.00 0.00 0.00 0.05 0.04 0.14 0.03 0.01 0.00 0.00 0.00 0.00 0.00 0.00 0.00 0.00 0.00 0.00 0.04 0.23 0.88 0.92 0.82 0.28 0.01 0.00 0.01 0.12 0.73 0.99 1.00 0.98 0.70 0.14 
0.00 0.00 0.00 0.00 0.00 0.00 0.00 0.00 0.02 0.10 0.02 0.03 0.02 0.00 0.00 0.00 0.00 0.00 0.00 0.02 0.02 0.22 0.12 0.09 0.04 0.01 0.01 0.00 0.00 0.00 0.00 0.00 0.00 0.03 0.53 0.88 0.98 0.91 0.41 0.03 0.00 0.00 0.00 0.01 0.07 0.71 0.98 1.00 0.99 0.89 
0.00 0.00 0.00 0.00 0.00 0.00 0.00 0.00 0.05 0.19 0.01 0.01 0.00 0.00 0.00 0.00 0.00 0.00 0.00 0.01 0.01 0.12 0.05 0.09 0.02 0.01 0.00 0.00 0.00 0.00 0.00 0.00 0.00 0.06 0.62 0.92 0.89 0.67 0.06 0.00 0.00 0.00 0.00 0.00 0.00 0.09 0.70 0.99 1.00 0.98 
0.00 0.00 0.00 0.00 0.00 0.00 0.00 0.00 0.00 0.01 0.00 0.00 0.00 0.00 0.00 0.00 0.00 0.00 0.00 0.00 0.00 0.05 0.07 0.32 0.16 0.15 0.03 0.00 0.00 0.00 0.00 0.01 0.12 0.67 0.97 0.97 0.78 0.18 0.01 0.00 0.00 0.00 0.00 0.00 0.00 0.01 0.14 0.89 0.98 1.00 
