1.00 0.99 0.82 0.93 0.92 0.21 0.03 0.00 0.03 0.00 0.00 0.00 0.00 0.00 0.00 0.00 0.00 0.00 0.00 0.00 0.00 0.00 0.00 0.00 0.00 0.00 0.00 0.00 0.00 0.00 0.00 0.00 0.00 0.00 0.01 0.01 
0.99 1.00 0.99 0.94 0.91 0.24 0.01 0.00 0.07 0.01 0.00 0.00 0.00 0.00 0.00 0.00 0.00 0.00 0.00 0.00 0.00 0.00 0.00 0.00 0.00 0.00 0.00 0.00 0.00 0.00 0.00 0.00 0.00 0.00 0.00 0.00 
0.82 0.99 1.00 0.99 0.94 0.54 0.05 0.03 0.53 0.12 0.01 0.01 0.00 0.00 0.00 0.00 0.00 0.00 0.00 0.00 0.00 0.00 0.00 0.00 0.01 0.00 0.00 0.00 0.00 0.00 0.00 0.00 0.00 0.00 0.00 0.00 
0.93 0.94 0.99 1.00 0.98 0.75 0.30 0.12 0.69 0.09 0.01 0.00 0.00 0.00 0.00 0.00 0.00 0.00 0.00 0.00 0.00 0.00 0.00 0.00 0.01 0.00 0.00 0.00 0.00 0.00 0.01 0.05 0.01 0.02 0.06 0.01 
0.92 0.91 0.94 0.98 1.00 0.99 0.80 0.37 0.87 0.27 0.02 0.00 0.00 0.00 0.00 0.00 0.00 0.00 0.00 0.00 0.00 0.00 0.01 0.02 0.12 0.01 0.00 0.00 0.00 0.00 0.01 0.03 0.01 0.04 0.22 0.06 
0.21 0.24 0.54 0.75 0.99 1.00 0.99 0.92 0.98 0.83 0.17 0.02 0.00 0.00 0.00 0.00 0.00 0.00 0.00 0.00 0.00 0.00 0.14 0.39 0.86 0.24 0.05 0.00 0.00 0.00 0.06 0.12 0.06 0.26 0.54 0.14 
0.03 0.01 0.05 0.30 0.80 0.99 1.00 0.98 0.95 0.60 0.14 0.01 0.00 0.00 0.00 0.00 0.00 0.00 0.00 0.00 0.00 0.01 0.20 0.27 0.87 0.37 0.19 0.00 0.00 0.01 0.22 0.56 0.65 0.93 0.97 0.66 
0.00 0.00 0.03 0.12 0.37 0.92 0.98 1.00 0.99 0.95 0.85 0.15 0.01 0.00 0.00 0.00 0.00 0.00 0.00 0.00 0.03 0.16 0.87 0.74 0.92 0.29 0.06 0.00 0.02 0.33 0.88 0.88 0.82 0.88 0.66 0.06 
0.03 0.07 0.53 0.69 0.87 0.98 0.95 0.99 1.00 0.99 0.88 0.37 0.03 0.00 0.00 0.00 0.00 0.00 0.00 0.00 0.02 0.07 0.63 0.62 0.76 0.07 0.01 0.00 0.00 0.08 0.68 0.61 0.21 0.31 0.24 0.02 
0.00 0.01 0.12 0.09 0.27 0.83 0.60 0.95 0.99 1.00 0.99 0.92 0.27 0.01 0.00 0.00 0.00 0.00 0.00 0.01 0.20 0.60 0.96 0.96 0.88 0.14 0.01 0.00 0.01 0.14 0.55 0.17 0.04 0.04 0.02 0.00 
0.00 0.00 0.01 0.01 0.02 0.17 0.14 0.85 0.88 0.99 1.00 0.99 0.88 0.15 0.01 0.00 0.00 0.00 0.04 0.16 0.87 0.93 0.98 0.80 0.35 0.02 0.00 0.02 0.31 0.78 0.91 0.31 0.06 0.02 0.00 0.00 
0.00 0.00 0.01 0.00 0.00 0.02 0.01 0.15 0.37 0.92 0.99 1.00 0.98 0.72 0.13 0.01 0.00 0.00 0.13 0.32 0.89 0.89 0.83 0.54 0.06 0.00 0.00 0.01 0.08 0.18 0.26 0.01 0.00 0.00 0.00 0.00 
0.00 0.00 0.00 0.00 0.00 0.00 0.00 0.01 0.03 0.27 0.88 0.98 1.00 0.99 0.79 0.34 0.06 0.15 0.87 0.92 0.98 0.85 0.40 0.06 0.00 0.00 0.00 0.16 0.42 0.31 0.15 0.00 0.00 0.00 0.00 0.00 
0.00 0.00 0.00 0.00 0.00 0.00 0.00 0.00 0.00 0.01 0.15 0.72 0.99 1.00 0.99 0.92 0.35 0.38 0.95 0.92 0.83 0.27 0.02 0.00 0.00 0.00 0.00 0.07 0.07 0.02 0.01 0.00 0.00 0.00 0.00 0.00 
0.00 0.00 0.00 0.00 0.00 0.00 0.00 0.00 0.00 0.00 0.01 0.13 0.79 0.99 1.00 0.99 0.77 0.54 0.91 0.45 0.18 0.01 0.00 0.00 0.00 0.00 0.00 0.05 0.02 0.00 0.00 0.00 0.00 0.00 0.00 0.00 
0.00 0.00 0.00 0.00 0.00 0.00 0.00 0.00 0.00 0.00 0.00 0.01 0.34 0.92 0.99 1.00 0.98 0.93 0.97 0.61 0.11 0.00 0.00 0.00 0.00 0.00 0.00 0.13 0.02 0.00 0.00 0.00 0.00 0.00 0.00 0.00 
0.00 0.00 0.00 0.00 0.00 0.00 0.00 0.00 0.00 0.00 0.00 0.00 0.06 0.35 0.77 0.98 1.00 0.99 0.94 0.35 0.03 0.00 0.00 0.00 0.00 0.00 0.00 0.49 0.05 0.00 0.00 0.00 0.00 0.00 0.00 0.00 
0.00 0.00 0.00 0.00 0.00 0.00 0.00 0.00 0.00 0.00 0.00 0.00 0.15 0.38 0.54 0.93 0.99 1.00 0.99 0.77 0.19 0.01 0.00 0.00 0.00 0.00 0.00 0.93 0.41 0.02 0.00 0.00 0.00 0.00 0.00 0.00 
0.00 0.00 0.00 0.00 0.00 0.00 0.00 0.00 0.00 0.00 0.04 0.13 0.87 0.95 0.91 0.97 0.94 0.99 1.00 0.99 0.86 0.14 0.01 0.00 0.00 0.00 0.00 0.86 0.63 0.11 0.01 0.00 0.00 0.00 0.00 0.00 
0.00 0.00 0.00 0.00 0.00 0.00 0.00 0.00 0.00 0.01 0.16 0.32 0.92 0.92 0.45 0.61 0.35 0.77 0.99 1.00 0.99 0.77 0.10 0.01 0.00 0.00 0.00 0.58 0.60 0.22 0.02 0.00 0.00 0.00 0.00 0.00 
0.00 0.00 0.00 0.00 0.00 0.00 0.00 0.03 0.02 0.20 0.87 0.89 0.98 0.83 0.18 0.11 0.03 0.19 0.86 0.99 1.00 0.99 0.79 0.13 0.01 0.00 0.00 0.41 0.81 0.77 0.30 0.01 0.00 0.00 0.00 0.00 
0.00 0.00 0.00 0.00 0.00 0.00 0.01 0.16 0.07 0.60 0.93 0.89 0.85 0.27 0.01 0.00 0.00 0.01 0.14 0.77 0.99 1.00 0.98 0.80 0.15 0.02 0.00 0.03 0.23 0.50 0.22 0.01 0.00 0.00 0.00 0.00 
0.00 0.00 0.00 0.00 0.01 0.14 0.20 0.87 0.63 0.96 0.98 0.83 0.40 0.02 0.00 0.00 0.00 0.00 0.01 0.10 0.79 0.98 1.00 0.98 0.86 0.28 0.02 0.00 0.09 0.54 0.59 0.10 0.06 0.04 0.01 0.00 
0.00 0.00 0.00 0.00 0.02 0.39 0.27 0.74 0.62 0.96 0.80 0.54 0.06 0.00 0.00 0.00 0.00 0.00 0.00 0.01 0.13 0.80 0.98 1.00 0.98 0.83 0.11 0.00 0.00 0.03 0.07 0.01 0.01 0.01 0.01 0.00 
0.00 0.00 0.01 0.01 0.12 0.86 0.87 0.92 0.76 0.88 0.35 0.06 0.00 0.00 0.00 0.00 0.00 0.00 0.00 0.00 0.01 0.15 0.86 0.98 1.00 0.98 0.73 0.00 0.00 0.01 0.05 0.03 0.05 0.15 0.12 0.02 
0.00 0.00 0.00 0.00 0.01 0.24 0.37 0.29 0.07 0.14 0.02 0.00 0.00 0.00 0.00 0.00 0.00 0.00 0.00 0.00 0.00 0.02 0.28 0.83 0.98 1.00 0.98 0.00 0.00 0.00 0.00 0.00 0.01 0.03 0.03 0.01 
0.00 0.00 0.00 0.00 0.00 0.05 0.19 0.06 0.01 0.01 0.00 0.00 0.00 0.00 0.00 0.00 0.00 0.00 0.00 0.00 0.00 0.00 0.02 0.11 0.73 0.98 1.00 0.00 0.00 0.00 0.00 0.00 0.00 0.03 0.06 0.04 
0.00 0.00 0.00 0.00 0.00 0.00 0.00 0.00 0.00 0.00 0.02 0.01 0.16 0.07 0.05 0.13 0.49 0.93 0.86 0.58 0.41 0.03 0.00 0.00 0.00 0.00 0.00 1.00 0.99 0.66 0.08 0.00 0.00 0.00 0.00 0.00 
0.00 0.00 0.00 0.00 0.00 0.00 0.00 0.02 0.00 0.01 0.31 0.08 0.42 0.07 0.02 0.02 0.05 0.41 0.63 0.60 0.81 0.23 0.09 0.00 0.00 0.00 0.00 0.99 1.00 0.99 0.76 0.11 0.02 0.00 0.00 0.00 
0.00 0.00 0.00 0.00 0.00 0.00 0.01 0.33 0.08 0.14 0.78 0.18 0.31 0.02 0.00 0.00 0.00 0.02 0.11 0.22 0.77 0.50 0.54 0.03 0.01 0.00 0.00 0.66 0.99 1.00 0.99 0.73 0.38 0.05 0.00 0.00 
0.00 0.00 0.00 0.01 0.01 0.06 0.22 0.88 0.68 0.55 0.91 0.26 0.15 0.01 0.00 0.00 0.00 0.00 0.01 0.02 0.30 0.22 0.59 0.07 0.05 0.00 0.00 0.08 0.76 0.99 1.00 0.98 0.82 0.38 0.04 0.00 
0.00 0.00 0.00 0.05 0.03 0.12 0.56 0.88 0.61 0.17 0.31 0.01 0.00 0.00 0.00 0.00 0.00 0.00 0.00 0.00 0.01 0.01 0.10 0.01 0.03 0.00 0.00 0.00 0.11 0.73 0.98 1.00 0.99 0.91 0.44 0.02 
0.00 0.00 0.00 0.01 0.01 0.06 0.65 0.82 0.21 0.04 0.06 0.00 0.00 0.00 0.00 0.00 0.00 0.00 0.00 0.00 0.00 0.00 0.06 0.01 0.05 0.01 0.00 0.00 0.02 0.38 0.82 0.99 1.00 0.99 0.81 0.12 
0.00 0.00 0.00 0.02 0.04 0.26 0.93 0.88 0.31 0.04 0.02 0.00 0.00 0.00 0.00 0.00 0.00 0.00 0.00 0.00 0.00 0.00 0.04 0.01 0.15 0.03 0.03 0.00 0.00 0.05 0.38 0.91 0.99 1.00 0.99 0.72 
0.01 0.00 0.00 0.06 0.22 0.54 0.97 0.66 0.24 0.02 0.00 0.00 0.00 0.00 0.00 0.00 0.00 0.00 0.00 0.00 0.00 0.00 0.01 0.01 0.12 0.03 0.06 0.00 0.00 0.00 0.04 0.44 0.81 0.99 1.00 0.99 
0.01 0.00 0.00 0.01 0.06 0.14 0.66 0.06 0.02 0.00 0.00 0.00 0.00 0.00 0.00 0.00 0.00 0.00 0.00 0.00 0.00 0.00 0.00 0.00 0.02 0.01 0.04 0.00 0.00 0.00 0.00 0.02 0.12 0.72 0.99 1.00 
