1.00 0.99 0.70 0.18 0.01 0.00 0.00 0.00 0.00 0.00 0.00 0.00 0.00 0.00 0.00 0.00 0.00 0.00 0.00 0.00 0.00 0.00 0.03 0.28 0.02 0.00 0.00 0.00 0.00 0.00 0.00 
0.99 1.00 0.99 0.80 0.26 0.02 0.03 0.04 0.00 0.00 0.00 0.00 0.00 0.00 0.00 0.00 0.00 0.00 0.00 0.00 0.14 0.06 0.38 0.88 0.28 0.07 0.00 0.00 0.00 0.00 0.00 
0.70 0.99 1.00 0.99 0.90 0.29 0.46 0.65 0.09 0.01 0.02 0.00 0.00 0.00 0.00 0.00 0.00 0.00 0.02 0.12 0.78 0.34 0.54 0.94 0.78 0.68 0.05 0.00 0.00 0.00 0.00 
0.18 0.80 0.99 1.00 0.99 0.92 0.96 0.91 0.45 0.15 0.14 0.02 0.00 0.00 0.00 0.00 0.00 0.00 0.05 0.16 0.64 0.08 0.07 0.33 0.20 0.42 0.03 0.00 0.00 0.00 0.00 
0.01 0.26 0.90 0.99 1.00 0.99 0.94 0.96 0.91 0.45 0.25 0.09 0.03 0.00 0.00 0.00 0.00 0.04 0.51 0.84 0.95 0.39 0.15 0.27 0.27 0.73 0.16 0.04 0.01 0.00 0.00 
0.00 0.02 0.29 0.92 0.99 1.00 0.99 0.92 0.95 0.88 0.46 0.13 0.12 0.01 0.00 0.00 0.00 0.07 0.39 0.43 0.42 0.02 0.00 0.01 0.01 0.14 0.02 0.02 0.00 0.00 0.00 
0.00 0.03 0.46 0.96 0.94 0.99 1.00 0.99 0.93 0.94 0.90 0.34 0.18 0.06 0.00 0.00 0.00 0.03 0.27 0.18 0.24 0.01 0.00 0.01 0.02 0.22 0.04 0.02 0.00 0.00 0.00 
0.00 0.04 0.65 0.91 0.96 0.92 0.99 1.00 0.99 0.92 0.96 0.84 0.38 0.12 0.02 0.01 0.02 0.21 0.86 0.78 0.81 0.11 0.02 0.09 0.33 0.91 0.66 0.41 0.04 0.00 0.00 
0.00 0.00 0.09 0.45 0.91 0.95 0.93 0.99 1.00 0.99 0.95 0.94 0.89 0.34 0.08 0.09 0.26 0.87 0.98 0.92 0.67 0.05 0.00 0.01 0.05 0.63 0.55 0.66 0.22 0.04 0.01 
0.00 0.00 0.01 0.15 0.45 0.88 0.94 0.92 0.99 1.00 0.99 0.93 0.97 0.83 0.22 0.24 0.21 0.61 0.76 0.22 0.05 0.00 0.00 0.00 0.00 0.07 0.06 0.18 0.02 0.01 0.00 
0.00 0.00 0.02 0.14 0.25 0.46 0.90 0.96 0.95 0.99 1.00 0.99 0.93 0.93 0.51 0.19 0.16 0.36 0.70 0.16 0.06 0.00 0.00 0.00 0.01 0.23 0.26 0.45 0.03 0.00 0.00 
0.00 0.00 0.00 0.02 0.09 0.13 0.34 0.84 0.94 0.93 0.99 1.00 0.99 0.95 0.91 0.73 0.84 0.91 0.95 0.42 0.08 0.00 0.00 0.00 0.01 0.33 0.72 0.96 0.53 0.15 0.02 
0.00 0.00 0.00 0.00 0.03 0.12 0.18 0.38 0.89 0.97 0.93 0.99 1.00 0.99 0.94 0.97 0.95 0.95 0.84 0.13 0.01 0.00 0.00 0.00 0.00 0.02 0.09 0.60 0.23 0.15 0.04 
0.00 0.00 0.00 0.00 0.00 0.01 0.06 0.12 0.34 0.83 0.93 0.95 0.99 1.00 0.99 0.94 0.64 0.38 0.20 0.01 0.00 0.00 0.00 0.00 0.00 0.00 0.02 0.19 0.02 0.01 0.00 
0.00 0.00 0.00 0.00 0.00 0.00 0.00 0.02 0.08 0.22 0.51 0.91 0.94 0.99 1.00 0.99 0.91 0.46 0.16 0.00 0.00 0.00 0.00 0.00 0.00 0.00 0.03 0.42 0.11 0.09 0.01 
0.00 0.00 0.00 0.00 0.00 0.00 0.00 0.01 0.09 0.24 0.19 0.73 0.97 0.94 0.99 1.00 0.99 0.79 0.19 0.01 0.00 0.00 0.00 0.00 0.00 0.00 0.01 0.21 0.13 0.29 0.07 
0.00 0.00 0.00 0.00 0.00 0.00 0.00 0.02 0.26 0.21 0.16 0.84 0.95 0.64 0.91 0.99 1.00 0.99 0.74 0.08 0.00 0.00 0.00 0.00 0.00 0.01 0.09 0.79 0.84 0.94 0.68 
0.00 0.00 0.00 0.00 0.04 0.07 0.03 0.21 0.87 0.61 0.36 0.91 0.95 0.38 0.46 0.79 0.99 1.00 0.99 0.73 0.07 0.01 0.00 0.00 0.00 0.08 0.38 0.91 0.94 0.91 0.78 
0.00 0.00 0.02 0.05 0.51 0.39 0.27 0.86 0.98 0.76 0.70 0.95 0.84 0.20 0.16 0.19 0.74 0.99 1.00 0.99 0.74 0.16 0.01 0.01 0.08 0.78 0.92 0.98 0.93 0.54 0.21 
0.00 0.00 0.12 0.16 0.84 0.43 0.18 0.78 0.92 0.22 0.16 0.42 0.13 0.01 0.00 0.01 0.08 0.73 0.99 1.00 0.99 0.86 0.17 0.11 0.42 0.94 0.92 0.81 0.72 0.13 0.06 
0.00 0.14 0.78 0.64 0.95 0.42 0.24 0.81 0.67 0.05 0.06 0.08 0.01 0.00 0.00 0.00 0.00 0.07 0.74 0.99 1.00 0.99 0.85 0.82 0.92 0.98 0.81 0.26 0.09 0.00 0.00 
0.00 0.06 0.34 0.08 0.39 0.02 0.01 0.11 0.05 0.00 0.00 0.00 0.00 0.00 0.00 0.00 0.00 0.01 0.16 0.86 0.99 1.00 0.99 0.90 0.93 0.90 0.54 0.06 0.03 0.00 0.00 
0.03 0.38 0.54 0.07 0.15 0.00 0.00 0.02 0.00 0.00 0.00 0.00 0.00 0.00 0.00 0.00 0.00 0.00 0.01 0.17 0.85 0.99 1.00 0.99 0.90 0.51 0.06 0.00 0.00 0.00 0.00 
0.28 0.88 0.94 0.33 0.27 0.01 0.01 0.09 0.01 0.00 0.00 0.00 0.00 0.00 0.00 0.00 0.00 0.00 0.01 0.11 0.82 0.90 0.99 1.00 0.99 0.79 0.11 0.00 0.00 0.00 0.00 
0.02 0.28 0.78 0.20 0.27 0.01 0.02 0.33 0.05 0.00 0.01 0.01 0.00 0.00 0.00 0.00 0.00 0.00 0.08 0.42 0.92 0.93 0.90 0.99 1.00 0.99 0.79 0.08 0.01 0.00 0.00 
0.00 0.07 0.68 0.42 0.73 0.14 0.22 0.91 0.63 0.07 0.23 0.33 0.02 0.00 0.00 0.00 0.01 0.08 0.78 0.94 0.98 0.90 0.51 0.79 0.99 1.00 0.99 0.71 0.19 0.01 0.00 
0.00 0.00 0.05 0.03 0.16 0.02 0.04 0.66 0.55 0.06 0.26 0.72 0.09 0.02 0.03 0.01 0.09 0.38 0.92 0.92 0.81 0.54 0.06 0.11 0.79 0.99 1.00 0.99 0.85 0.12 0.01 
0.00 0.00 0.00 0.00 0.04 0.02 0.02 0.41 0.66 0.18 0.45 0.96 0.60 0.19 0.42 0.21 0.79 0.91 0.98 0.81 0.26 0.06 0.00 0.00 0.08 0.71 0.99 1.00 0.99 0.74 0.13 
0.00 0.00 0.00 0.00 0.01 0.00 0.00 0.04 0.22 0.02 0.03 0.53 0.23 0.02 0.11 0.13 0.84 0.94 0.93 0.72 0.09 0.03 0.00 0.00 0.01 0.19 0.85 0.99 1.00 0.99 0.79 
0.00 0.00 0.00 0.00 0.00 0.00 0.00 0.00 0.04 0.01 0.00 0.15 0.15 0.01 0.09 0.29 0.94 0.91 0.54 0.13 0.00 0.00 0.00 0.00 0.00 0.01 0.12 0.74 0.99 1.00 0.99 
0.00 0.00 0.00 0.00 0.00 0.00 0.00 0.00 0.01 0.00 0.00 0.02 0.04 0.00 0.01 0.07 0.68 0.78 0.21 0.06 0.00 0.00 0.00 0.00 0.00 0.00 0.01 0.13 0.79 0.99 1.00 
