1.00 0.99 0.78 0.27 0.02 0.01 0.01 0.00 0.00 0.00 0.00 0.00 0.00 0.00 0.00 0.00 0.00 0.00 0.00 0.00 0.00 0.00 0.00 0.00 0.00 0.00 0.00 0.00 0.00 0.00 0.00 0.00 0.00 0.00 0.00 0.00 
0.99 1.00 0.98 0.93 0.34 0.17 0.11 0.00 0.00 0.00 0.00 0.00 0.00 0.00 0.00 0.00 0.00 0.00 0.00 0.00 0.00 0.00 0.00 0.00 0.00 0.00 0.00 0.00 0.00 0.00 0.00 0.00 0.00 0.00 0.00 0.00 
0.78 0.98 1.00 0.98 0.61 0.24 0.04 0.00 0.00 0.00 0.00 0.00 0.00 0.00 0.00 0.00 0.00 0.00 0.00 0.00 0.00 0.00 0.00 0.00 0.00 0.00 0.00 0.00 0.00 0.00 0.00 0.00 0.00 0.00 0.00 0.00 
0.27 0.93 0.98 1.00 0.98 0.93 0.56 0.06 0.09 0.00 0.00 0.00 0.00 0.00 0.00 0.00 0.00 0.00 0.00 0.00 0.00 0.00 0.00 0.00 0.00 0.00 0.00 0.00 0.00 0.00 0.00 0.00 0.00 0.00 0.00 0.00 
0.02 0.34 0.61 0.98 1.00 0.98 0.80 0.34 0.21 0.01 0.00 0.00 0.00 0.00 0.00 0.00 0.00 0.00 0.00 0.00 0.00 0.00 0.00 0.00 0.00 0.00 0.00 0.00 0.00 0.00 0.00 0.00 0.00 0.00 0.00 0.00 
0.01 0.17 0.24 0.93 0.98 1.00 0.98 0.91 0.93 0.28 0.11 0.03 0.01 0.00 0.00 0.00 0.00 0.00 0.00 0.00 0.00 0.00 0.00 0.00 0.00 0.00 0.00 0.00 0.00 0.00 0.00 0.00 0.00 0.00 0.00 0.00 
0.01 0.11 0.04 0.56 0.80 0.98 1.00 0.99 0.96 0.37 0.19 0.02 0.00 0.00 0.00 0.00 0.00 0.00 0.00 0.00 0.00 0.00 0.00 0.00 0.00 0.00 0.00 0.00 0.00 0.00 0.00 0.00 0.00 0.00 0.00 0.00 
0.00 0.00 0.00 0.06 0.34 0.91 0.99 1.00 0.99 0.80 0.85 0.29 0.10 0.00 0.00 0.04 0.09 0.00 0.00 0.00 0.00 0.00 0.00 0.00 0.00 0.00 0.00 0.00 0.00 0.00 0.00 0.00 0.00 0.00 0.00 0.00 
0.00 0.00 0.00 0.09 0.21 0.93 0.96 0.99 1.00 0.99 0.93 0.52 0.08 0.00 0.01 0.04 0.03 0.00 0.00 0.00 0.00 0.00 0.00 0.00 0.00 0.00 0.00 0.00 0.00 0.00 0.00 0.00 0.00 0.00 0.00 0.00 
0.00 0.00 0.00 0.00 0.01 0.28 0.37 0.80 0.99 1.00 0.98 0.87 0.18 0.02 0.06 0.27 0.09 0.00 0.00 0.00 0.00 0.00 0.00 0.00 0.00 0.00 0.00 0.00 0.00 0.00 0.00 0.00 0.00 0.00 0.00 0.00 
0.00 0.00 0.00 0.00 0.00 0.11 0.19 0.85 0.93 0.98 1.00 0.99 0.81 0.24 0.55 0.91 0.81 0.14 0.09 0.04 0.02 0.01 0.00 0.00 0.00 0.00 0.00 0.00 0.00 0.00 0.00 0.00 0.00 0.00 0.00 0.00 
0.00 0.00 0.00 0.00 0.00 0.03 0.02 0.29 0.52 0.87 0.99 1.00 0.99 0.89 0.92 0.93 0.87 0.38 0.15 0.15 0.08 0.08 0.00 0.00 0.01 0.00 0.00 0.00 0.00 0.00 0.00 0.00 0.00 0.00 0.00 0.00 
0.00 0.00 0.00 0.00 0.00 0.01 0.00 0.10 0.08 0.18 0.81 0.99 1.00 0.98 0.92 0.83 0.95 0.79 0.21 0.17 0.03 0.02 0.00 0.00 0.00 0.00 0.00 0.00 0.00 0.00 0.00 0.00 0.00 0.00 0.00 0.00 
0.00 0.00 0.00 0.00 0.00 0.00 0.00 0.00 0.00 0.02 0.24 0.89 0.98 1.00 0.98 0.77 0.83 0.90 0.40 0.65 0.22 0.21 0.01 0.00 0.00 0.00 0.00 0.00 0.00 0.00 0.00 0.00 0.00 0.00 0.00 0.00 
0.00 0.00 0.00 0.00 0.00 0.00 0.00 0.00 0.01 0.06 0.55 0.92 0.92 0.98 1.00 0.98 0.92 0.95 0.89 0.97 0.89 0.76 0.08 0.01 0.08 0.01 0.00 0.00 0.00 0.00 0.00 0.00 0.00 0.00 0.00 0.00 
0.00 0.00 0.00 0.00 0.00 0.00 0.00 0.04 0.04 0.27 0.91 0.93 0.83 0.77 0.98 1.00 0.99 0.94 0.96 0.91 0.69 0.23 0.01 0.00 0.04 0.01 0.00 0.00 0.00 0.00 0.00 0.00 0.00 0.00 0.00 0.00 
0.00 0.00 0.00 0.00 0.00 0.00 0.00 0.09 0.03 0.09 0.81 0.87 0.95 0.83 0.92 0.99 1.00 0.99 0.92 0.59 0.10 0.02 0.00 0.00 0.00 0.00 0.00 0.00 0.00 0.00 0.00 0.00 0.00 0.00 0.00 0.00 
0.00 0.00 0.00 0.00 0.00 0.00 0.00 0.00 0.00 0.00 0.14 0.38 0.79 0.90 0.95 0.94 0.99 1.00 0.98 0.93 0.29 0.04 0.00 0.00 0.00 0.00 0.00 0.00 0.00 0.00 0.00 0.00 0.00 0.00 0.00 0.00 
0.00 0.00 0.00 0.00 0.00 0.00 0.00 0.00 0.00 0.00 0.09 0.15 0.21 0.40 0.89 0.96 0.92 0.98 1.00 0.98 0.74 0.11 0.01 0.00 0.01 0.00 0.00 0.00 0.00 0.00 0.00 0.00 0.00 0.00 0.00 0.00 
0.00 0.00 0.00 0.00 0.00 0.00 0.00 0.00 0.00 0.00 0.04 0.15 0.17 0.65 0.97 0.91 0.59 0.93 0.98 1.00 0.99 0.79 0.19 0.02 0.10 0.03 0.00 0.00 0.00 0.00 0.00 0.00 0.00 0.00 0.00 0.00 
0.00 0.00 0.00 0.00 0.00 0.00 0.00 0.00 0.00 0.00 0.02 0.08 0.03 0.22 0.89 0.69 0.10 0.29 0.74 0.99 1.00 0.99 0.84 0.44 0.82 0.56 0.04 0.02 0.03 0.00 0.00 0.00 0.00 0.00 0.00 0.00 
0.00 0.00 0.00 0.00 0.00 0.00 0.00 0.00 0.00 0.00 0.01 0.08 0.02 0.21 0.76 0.23 0.02 0.04 0.11 0.79 0.99 1.00 0.99 0.90 0.94 0.50 0.10 0.04 0.02 0.00 0.00 0.00 0.00 0.00 0.00 0.00 
0.00 0.00 0.00 0.00 0.00 0.00 0.00 0.00 0.00 0.00 0.00 0.00 0.00 0.01 0.08 0.01 0.00 0.00 0.01 0.19 0.84 0.99 1.00 0.98 0.90 0.55 0.22 0.03 0.01 0.00 0.00 0.00 0.00 0.00 0.00 0.00 
0.00 0.00 0.00 0.00 0.00 0.00 0.00 0.00 0.00 0.00 0.00 0.00 0.00 0.00 0.01 0.00 0.00 0.00 0.00 0.02 0.44 0.90 0.98 1.00 0.99 0.90 0.89 0.50 0.14 0.08 0.02 0.00 0.00 0.00 0.00 0.00 
0.00 0.00 0.00 0.00 0.00 0.00 0.00 0.00 0.00 0.00 0.00 0.01 0.00 0.00 0.08 0.04 0.00 0.00 0.01 0.10 0.82 0.94 0.90 0.99 1.00 0.98 0.94 0.88 0.72 0.28 0.06 0.02 0.00 0.00 0.00 0.00 
0.00 0.00 0.00 0.00 0.00 0.00 0.00 0.00 0.00 0.00 0.00 0.00 0.00 0.00 0.01 0.01 0.00 0.00 0.00 0.03 0.56 0.50 0.55 0.90 0.98 1.00 0.98 0.91 0.95 0.88 0.31 0.10 0.01 0.04 0.14 0.01 
0.00 0.00 0.00 0.00 0.00 0.00 0.00 0.00 0.00 0.00 0.00 0.00 0.00 0.00 0.00 0.00 0.00 0.00 0.00 0.00 0.04 0.10 0.22 0.89 0.94 0.98 1.00 0.99 0.94 0.96 0.83 0.26 0.03 0.13 0.15 0.01 
0.00 0.00 0.00 0.00 0.00 0.00 0.00 0.00 0.00 0.00 0.00 0.00 0.00 0.00 0.00 0.00 0.00 0.00 0.00 0.00 0.02 0.04 0.03 0.50 0.88 0.91 0.99 1.00 0.99 0.93 0.94 0.77 0.13 0.17 0.11 0.00 
0.00 0.00 0.00 0.00 0.00 0.00 0.00 0.00 0.00 0.00 0.00 0.00 0.00 0.00 0.00 0.00 0.00 0.00 0.00 0.00 0.03 0.02 0.01 0.14 0.72 0.95 0.94 0.99 1.00 0.99 0.93 0.93 0.39 0.50 0.63 0.06 
0.00 0.00 0.00 0.00 0.00 0.00 0.00 0.00 0.00 0.00 0.00 0.00 0.00 0.00 0.00 0.00 0.00 0.00 0.00 0.00 0.00 0.00 0.00 0.08 0.28 0.88 0.96 0.93 0.99 1.00 0.98 0.92 0.68 0.93 0.95 0.37 
0.00 0.00 0.00 0.00 0.00 0.00 0.00 0.00 0.00 0.00 0.00 0.00 0.00 0.00 0.00 0.00 0.00 0.00 0.00 0.00 0.00 0.00 0.00 0.02 0.06 0.31 0.83 0.94 0.93 0.98 1.00 0.98 0.93 0.95 0.71 0.06 
0.00 0.00 0.00 0.00 0.00 0.00 0.00 0.00 0.00 0.00 0.00 0.00 0.00 0.00 0.00 0.00 0.00 0.00 0.00 0.00 0.00 0.00 0.00 0.00 0.02 0.10 0.26 0.77 0.93 0.92 0.98 1.00 0.99 0.94 0.74 0.10 
0.00 0.00 0.00 0.00 0.00 0.00 0.00 0.00 0.00 0.00 0.00 0.00 0.00 0.00 0.00 0.00 0.00 0.00 0.00 0.00 0.00 0.00 0.00 0.00 0.00 0.01 0.03 0.13 0.39 0.68 0.93 0.99 1.00 0.99 0.82 0.24 
0.00 0.00 0.00 0.00 0.00 0.00 0.00 0.00 0.00 0.00 0.00 0.00 0.00 0.00 0.00 0.00 0.00 0.00 0.00 0.00 0.00 0.00 0.00 0.00 0.00 0.04 0.13 0.17 0.50 0.93 0.95 0.94 0.99 1.00 0.98 0.77 
0.00 0.00 0.00 0.00 0.00 0.00 0.00 0.00 0.00 0.00 0.00 0.00 0.00 0.00 0.00 0.00 0.00 0.00 0.00 0.00 0.00 0.00 0.00 0.00 0.00 0.14 0.15 0.11 0.63 0.95 0.71 0.74 0.82 0.98 1.00 0.99 
0.00 0.00 0.00 0.00 0.00 0.00 0.00 0.00 0.00 0.00 0.00 0.00 0.00 0.00 0.00 0.00 0.00 0.00 0.00 0.00 0.00 0.00 0.00 0.00 0.00 0.01 0.01 0.00 0.06 0.37 0.06 0.10 0.24 0.77 0.99 1.00 
