1.00 0.98 0.93 0.62 0.14 0.00 0.00 0.00 0.00 0.00 0.00 0.00 0.00 0.00 0.00 0.09 0.01 0.01 0.13 0.17 0.01 0.00 0.01 0.12 0.13 0.16 0.16 0.03 0.08 0.79 0.87 0.97 0.77 0.11 0.18 
0.98 1.00 0.98 0.69 0.21 0.01 0.00 0.00 0.00 0.00 0.00 0.00 0.01 0.01 0.06 0.54 0.20 0.15 0.86 0.85 0.15 0.03 0.06 0.53 0.24 0.19 0.05 0.01 0.02 0.49 0.91 0.96 0.93 0.24 0.25 
0.93 0.98 1.00 0.98 0.75 0.09 0.00 0.00 0.00 0.00 0.00 0.04 0.03 0.01 0.18 0.70 0.12 0.11 0.78 0.34 0.02 0.01 0.01 0.15 0.07 0.19 0.05 0.02 0.17 0.81 0.94 0.79 0.36 0.01 0.01 
0.62 0.69 0.98 1.00 0.98 0.77 0.10 0.02 0.01 0.00 0.00 0.18 0.11 0.02 0.16 0.65 0.05 0.02 0.21 0.03 0.00 0.00 0.00 0.04 0.06 0.40 0.21 0.28 0.85 0.97 0.96 0.51 0.06 0.00 0.00 
0.14 0.21 0.75 0.98 1.00 0.98 0.80 0.26 0.15 0.03 0.06 0.73 0.71 0.12 0.37 0.85 0.14 0.03 0.10 0.02 0.00 0.00 0.00 0.08 0.22 0.87 0.64 0.79 0.95 0.97 0.97 0.40 0.04 0.00 0.00 
0.00 0.01 0.09 0.77 0.98 1.00 0.98 0.93 0.74 0.18 0.15 0.84 0.62 0.06 0.15 0.31 0.01 0.00 0.01 0.00 0.00 0.00 0.00 0.00 0.02 0.34 0.15 0.59 0.89 0.59 0.41 0.02 0.00 0.00 0.00 
0.00 0.00 0.00 0.10 0.80 0.98 1.00 0.98 0.88 0.60 0.22 0.73 0.70 0.06 0.04 0.09 0.01 0.00 0.00 0.00 0.00 0.00 0.00 0.00 0.01 0.28 0.13 0.56 0.54 0.13 0.08 0.00 0.00 0.00 0.00 
0.00 0.00 0.00 0.02 0.26 0.93 0.98 1.00 0.98 0.76 0.31 0.66 0.27 0.02 0.02 0.01 0.00 0.00 0.00 0.00 0.00 0.00 0.00 0.00 0.00 0.01 0.00 0.03 0.07 0.01 0.00 0.00 0.00 0.00 0.00 
0.00 0.00 0.00 0.01 0.15 0.74 0.88 0.98 1.00 0.98 0.94 0.95 0.66 0.22 0.16 0.05 0.01 0.00 0.00 0.00 0.00 0.00 0.00 0.00 0.00 0.01 0.00 0.00 0.01 0.00 0.00 0.00 0.00 0.00 0.00 
0.00 0.00 0.00 0.00 0.03 0.18 0.60 0.76 0.98 1.00 0.98 0.90 0.83 0.59 0.18 0.05 0.01 0.00 0.00 0.00 0.00 0.00 0.00 0.00 0.00 0.01 0.00 0.00 0.00 0.00 0.00 0.00 0.00 0.00 0.00 
0.00 0.00 0.00 0.00 0.06 0.15 0.22 0.31 0.94 0.98 1.00 0.98 0.93 0.95 0.85 0.32 0.15 0.08 0.01 0.00 0.00 0.01 0.00 0.01 0.00 0.01 0.00 0.00 0.00 0.00 0.01 0.00 0.00 0.00 0.00 
0.00 0.00 0.04 0.18 0.73 0.84 0.73 0.66 0.95 0.90 0.98 1.00 0.98 0.94 0.96 0.86 0.36 0.18 0.08 0.01 0.00 0.01 0.00 0.03 0.02 0.15 0.01 0.01 0.03 0.03 0.14 0.01 0.00 0.00 0.00 
0.00 0.01 0.03 0.11 0.71 0.62 0.70 0.27 0.66 0.83 0.93 0.98 1.00 0.98 0.93 0.95 0.83 0.30 0.11 0.03 0.01 0.05 0.06 0.29 0.38 0.73 0.09 0.06 0.04 0.06 0.37 0.04 0.01 0.00 0.00 
0.00 0.01 0.01 0.02 0.12 0.06 0.06 0.02 0.22 0.59 0.95 0.94 0.98 1.00 0.98 0.93 0.95 0.84 0.29 0.09 0.06 0.43 0.22 0.33 0.14 0.16 0.00 0.00 0.00 0.00 0.07 0.01 0.01 0.00 0.00 
0.00 0.06 0.18 0.16 0.37 0.15 0.04 0.02 0.16 0.18 0.85 0.96 0.93 0.98 1.00 0.98 0.94 0.96 0.85 0.27 0.15 0.37 0.12 0.30 0.08 0.12 0.00 0.00 0.00 0.02 0.23 0.03 0.03 0.00 0.00 
0.09 0.54 0.70 0.65 0.85 0.31 0.09 0.01 0.05 0.05 0.32 0.86 0.95 0.93 0.98 1.00 0.98 0.93 0.94 0.74 0.24 0.42 0.42 0.89 0.72 0.81 0.12 0.04 0.05 0.31 0.92 0.56 0.43 0.04 0.00 
0.01 0.20 0.12 0.05 0.14 0.01 0.01 0.00 0.01 0.01 0.15 0.36 0.83 0.95 0.94 0.98 1.00 0.98 0.93 0.92 0.76 0.96 0.96 0.98 0.80 0.50 0.02 0.00 0.00 0.02 0.46 0.29 0.55 0.19 0.01 
0.01 0.15 0.11 0.02 0.03 0.00 0.00 0.00 0.00 0.00 0.08 0.18 0.30 0.84 0.96 0.93 0.98 1.00 0.98 0.93 0.96 0.98 0.79 0.74 0.11 0.04 0.00 0.00 0.00 0.00 0.10 0.05 0.18 0.03 0.00 
0.13 0.86 0.78 0.21 0.10 0.01 0.00 0.00 0.00 0.00 0.01 0.08 0.11 0.29 0.85 0.94 0.93 0.98 1.00 0.98 0.93 0.77 0.52 0.78 0.15 0.07 0.00 0.00 0.00 0.03 0.47 0.36 0.62 0.08 0.02 
0.17 0.85 0.34 0.03 0.02 0.00 0.00 0.00 0.00 0.00 0.00 0.01 0.03 0.09 0.27 0.74 0.92 0.93 0.98 1.00 0.98 0.92 0.94 0.97 0.45 0.09 0.01 0.00 0.00 0.01 0.33 0.61 0.96 0.74 0.41 
0.01 0.15 0.02 0.00 0.00 0.00 0.00 0.00 0.00 0.00 0.00 0.00 0.01 0.06 0.15 0.24 0.76 0.96 0.93 0.98 1.00 0.98 0.90 0.64 0.04 0.00 0.00 0.00 0.00 0.00 0.01 0.03 0.38 0.18 0.06 
0.00 0.03 0.01 0.00 0.00 0.00 0.00 0.00 0.00 0.00 0.01 0.01 0.05 0.43 0.37 0.42 0.96 0.98 0.77 0.92 0.98 1.00 0.98 0.83 0.12 0.01 0.00 0.00 0.00 0.00 0.01 0.02 0.21 0.14 0.01 
0.01 0.06 0.01 0.00 0.00 0.00 0.00 0.00 0.00 0.00 0.00 0.00 0.06 0.22 0.12 0.42 0.96 0.79 0.52 0.94 0.90 0.98 1.00 0.98 0.72 0.10 0.00 0.00 0.00 0.00 0.06 0.16 0.75 0.82 0.17 
0.12 0.53 0.15 0.04 0.08 0.00 0.00 0.00 0.00 0.00 0.01 0.03 0.29 0.33 0.30 0.89 0.98 0.74 0.78 0.97 0.64 0.83 0.98 1.00 0.98 0.78 0.14 0.01 0.00 0.06 0.71 0.87 0.98 0.92 0.34 
0.13 0.24 0.07 0.06 0.22 0.02 0.01 0.00 0.00 0.00 0.00 0.02 0.38 0.14 0.08 0.72 0.80 0.11 0.15 0.45 0.04 0.12 0.72 0.98 1.00 0.98 0.83 0.15 0.03 0.26 0.86 0.93 0.90 0.80 0.14 
0.16 0.19 0.19 0.40 0.87 0.34 0.28 0.01 0.01 0.01 0.01 0.15 0.73 0.16 0.12 0.81 0.50 0.04 0.07 0.09 0.00 0.01 0.10 0.78 0.98 1.00 0.99 0.86 0.54 0.86 0.97 0.89 0.47 0.11 0.01 
0.16 0.05 0.05 0.21 0.64 0.15 0.13 0.00 0.00 0.00 0.00 0.01 0.09 0.00 0.00 0.12 0.02 0.00 0.00 0.01 0.00 0.00 0.00 0.14 0.83 0.99 1.00 0.99 0.82 0.92 0.89 0.77 0.13 0.03 0.00 
0.03 0.01 0.02 0.28 0.79 0.59 0.56 0.03 0.00 0.00 0.00 0.01 0.06 0.00 0.00 0.04 0.00 0.00 0.00 0.00 0.00 0.00 0.00 0.01 0.15 0.86 0.99 1.00 0.98 0.93 0.62 0.16 0.01 0.00 0.00 
0.08 0.02 0.17 0.85 0.95 0.89 0.54 0.07 0.01 0.00 0.00 0.03 0.04 0.00 0.00 0.05 0.00 0.00 0.00 0.00 0.00 0.00 0.00 0.00 0.03 0.54 0.82 0.98 1.00 0.98 0.73 0.13 0.00 0.00 0.00 
0.79 0.49 0.81 0.97 0.97 0.59 0.13 0.01 0.00 0.00 0.00 0.03 0.06 0.00 0.02 0.31 0.02 0.00 0.03 0.01 0.00 0.00 0.00 0.06 0.26 0.86 0.92 0.93 0.98 1.00 0.99 0.85 0.12 0.01 0.00 
0.87 0.91 0.94 0.96 0.97 0.41 0.08 0.00 0.00 0.00 0.01 0.14 0.37 0.07 0.23 0.92 0.46 0.10 0.47 0.33 0.01 0.01 0.06 0.71 0.86 0.97 0.89 0.62 0.73 0.99 1.00 0.98 0.76 0.10 0.02 
0.97 0.96 0.79 0.51 0.40 0.02 0.00 0.00 0.00 0.00 0.00 0.01 0.04 0.01 0.03 0.56 0.29 0.05 0.36 0.61 0.03 0.02 0.16 0.87 0.93 0.89 0.77 0.16 0.13 0.85 0.98 1.00 0.98 0.74 0.48 
0.77 0.93 0.36 0.06 0.04 0.00 0.00 0.00 0.00 0.00 0.00 0.00 0.01 0.01 0.03 0.43 0.55 0.18 0.62 0.96 0.38 0.21 0.75 0.98 0.90 0.47 0.13 0.01 0.00 0.12 0.76 0.98 1.00 0.98 0.94 
0.11 0.24 0.01 0.00 0.00 0.00 0.00 0.00 0.00 0.00 0.00 0.00 0.00 0.00 0.00 0.04 0.19 0.03 0.08 0.74 0.18 0.14 0.82 0.92 0.80 0.11 0.03 0.00 0.00 0.01 0.10 0.74 0.98 1.00 0.98 
0.18 0.25 0.01 0.00 0.00 0.00 0.00 0.00 0.00 0.00 0.00 0.00 0.00 0.00 0.00 0.00 0.01 0.00 0.02 0.41 0.06 0.01 0.17 0.34 0.14 0.01 0.00 0.00 0.00 0.00 0.02 0.48 0.94 0.98 1.00 
