1.00 0.98 0.81 0.41 0.04 0.00 0.00 0.00 0.00 0.00 0.02 0.33 0.65 0.96 0.86 0.37 0.02 0.00 0.00 0.00 0.00 0.01 0.00 0.00 0.00 0.00 0.00 0.01 0.00 0.00 0.00 0.00 0.00 0.00 0.00 0.00 0.00 0.02 0.27 0.21 0.07 0.02 0.23 
0.98 1.00 0.99 0.95 0.38 0.05 0.00 0.00 0.00 0.01 0.08 0.72 0.86 0.96 0.95 0.39 0.04 0.00 0.00 0.00 0.00 0.00 0.00 0.00 0.00 0.00 0.00 0.00 0.00 0.00 0.00 0.01 0.00 0.00 0.00 0.00 0.02 0.07 0.54 0.18 0.04 0.01 0.09 
0.81 0.99 1.00 0.98 0.86 0.18 0.01 0.00 0.02 0.13 0.68 0.97 0.89 0.76 0.54 0.03 0.00 0.00 0.00 0.00 0.00 0.00 0.00 0.00 0.00 0.00 0.00 0.00 0.00 0.00 0.00 0.00 0.00 0.00 0.00 0.00 0.00 0.01 0.22 0.06 0.04 0.01 0.15 
0.41 0.95 0.98 1.00 0.99 0.81 0.10 0.01 0.10 0.27 0.54 0.96 0.96 0.80 0.83 0.12 0.01 0.00 0.00 0.00 0.00 0.00 0.00 0.00 0.00 0.00 0.00 0.00 0.00 0.00 0.02 0.08 0.03 0.05 0.00 0.00 0.03 0.17 0.77 0.23 0.09 0.01 0.08 
0.04 0.38 0.86 0.99 1.00 0.99 0.71 0.27 0.76 0.92 0.91 0.98 0.93 0.34 0.21 0.01 0.00 0.00 0.00 0.00 0.00 0.00 0.00 0.00 0.00 0.00 0.00 0.00 0.00 0.00 0.04 0.18 0.04 0.04 0.00 0.00 0.01 0.05 0.49 0.14 0.13 0.03 0.09 
0.00 0.05 0.18 0.81 0.99 1.00 0.99 0.86 0.94 0.85 0.52 0.78 0.85 0.17 0.11 0.01 0.00 0.00 0.00 0.00 0.00 0.00 0.00 0.00 0.00 0.00 0.00 0.00 0.00 0.04 0.30 0.82 0.38 0.28 0.01 0.00 0.01 0.18 0.66 0.32 0.32 0.07 0.06 
0.00 0.00 0.01 0.10 0.71 0.99 1.00 0.99 0.93 0.62 0.08 0.11 0.14 0.01 0.00 0.00 0.00 0.00 0.00 0.00 0.00 0.00 0.00 0.00 0.00 0.00 0.00 0.00 0.00 0.02 0.12 0.69 0.25 0.18 0.01 0.00 0.00 0.03 0.10 0.04 0.05 0.01 0.00 
0.00 0.00 0.00 0.01 0.27 0.86 0.99 1.00 0.99 0.78 0.11 0.05 0.04 0.00 0.00 0.00 0.00 0.00 0.00 0.00 0.00 0.00 0.00 0.00 0.00 0.00 0.00 0.00 0.00 0.02 0.05 0.23 0.02 0.01 0.00 0.00 0.00 0.00 0.01 0.01 0.03 0.02 0.01 
0.00 0.00 0.02 0.10 0.76 0.94 0.93 0.99 1.00 0.98 0.80 0.59 0.37 0.01 0.00 0.00 0.00 0.00 0.00 0.00 0.00 0.00 0.00 0.00 0.00 0.00 0.00 0.00 0.00 0.06 0.11 0.25 0.01 0.00 0.00 0.00 0.00 0.00 0.04 0.05 0.27 0.21 0.13 
0.00 0.01 0.13 0.27 0.92 0.85 0.62 0.78 0.98 1.00 0.99 0.86 0.35 0.01 0.00 0.00 0.00 0.00 0.00 0.00 0.00 0.00 0.00 0.00 0.00 0.00 0.00 0.00 0.00 0.00 0.01 0.02 0.00 0.00 0.00 0.00 0.00 0.00 0.01 0.01 0.05 0.04 0.09 
0.02 0.08 0.68 0.54 0.91 0.52 0.08 0.11 0.80 0.99 1.00 0.99 0.68 0.07 0.01 0.00 0.00 0.00 0.00 0.00 0.00 0.00 0.00 0.00 0.00 0.00 0.00 0.00 0.00 0.00 0.01 0.01 0.00 0.00 0.00 0.00 0.00 0.00 0.02 0.02 0.10 0.09 0.43 
0.33 0.72 0.97 0.96 0.98 0.78 0.11 0.05 0.59 0.86 0.99 1.00 0.99 0.76 0.26 0.01 0.00 0.00 0.00 0.00 0.00 0.00 0.00 0.00 0.00 0.00 0.00 0.00 0.00 0.01 0.04 0.06 0.01 0.00 0.00 0.00 0.00 0.02 0.39 0.29 0.48 0.27 0.78 
0.65 0.86 0.89 0.96 0.93 0.85 0.14 0.04 0.37 0.35 0.68 0.99 1.00 0.99 0.87 0.29 0.02 0.00 0.00 0.00 0.00 0.02 0.00 0.00 0.00 0.00 0.01 0.05 0.01 0.10 0.48 0.51 0.11 0.03 0.00 0.00 0.02 0.33 0.96 0.94 0.92 0.60 0.87 
0.96 0.96 0.76 0.80 0.34 0.17 0.01 0.00 0.01 0.01 0.07 0.76 0.99 1.00 0.99 0.86 0.13 0.01 0.01 0.01 0.01 0.12 0.02 0.00 0.00 0.01 0.02 0.11 0.01 0.04 0.28 0.19 0.06 0.02 0.00 0.00 0.06 0.51 0.97 0.96 0.79 0.30 0.70 
0.86 0.95 0.54 0.83 0.21 0.11 0.00 0.00 0.00 0.00 0.01 0.26 0.87 0.99 1.00 0.99 0.79 0.11 0.06 0.03 0.03 0.10 0.01 0.00 0.00 0.00 0.00 0.01 0.00 0.00 0.09 0.15 0.17 0.13 0.04 0.04 0.60 0.89 0.98 0.82 0.18 0.02 0.05 
0.37 0.39 0.03 0.12 0.01 0.01 0.00 0.00 0.00 0.00 0.00 0.01 0.29 0.86 0.99 1.00 0.98 0.69 0.68 0.32 0.35 0.60 0.12 0.01 0.00 0.01 0.00 0.02 0.00 0.01 0.10 0.11 0.25 0.14 0.12 0.15 0.88 0.96 0.94 0.77 0.07 0.00 0.01 
0.02 0.04 0.00 0.01 0.00 0.00 0.00 0.00 0.00 0.00 0.00 0.00 0.02 0.13 0.79 0.98 1.00 0.98 0.93 0.59 0.29 0.21 0.02 0.00 0.00 0.00 0.00 0.00 0.00 0.00 0.01 0.02 0.17 0.21 0.48 0.76 0.98 0.92 0.54 0.11 0.00 0.00 0.00 
0.00 0.00 0.00 0.00 0.00 0.00 0.00 0.00 0.00 0.00 0.00 0.00 0.00 0.01 0.11 0.69 0.98 1.00 0.99 0.91 0.45 0.10 0.01 0.00 0.00 0.00 0.00 0.00 0.00 0.00 0.00 0.01 0.21 0.32 0.86 0.97 0.98 0.80 0.11 0.02 0.00 0.00 0.00 
0.00 0.00 0.00 0.00 0.00 0.00 0.00 0.00 0.00 0.00 0.00 0.00 0.00 0.01 0.06 0.68 0.93 0.99 1.00 0.99 0.95 0.70 0.16 0.01 0.00 0.00 0.00 0.00 0.00 0.00 0.02 0.02 0.21 0.10 0.40 0.56 0.84 0.71 0.11 0.05 0.00 0.00 0.00 
0.00 0.00 0.00 0.00 0.00 0.00 0.00 0.00 0.00 0.00 0.00 0.00 0.00 0.01 0.03 0.32 0.59 0.91 0.99 1.00 0.98 0.70 0.08 0.02 0.00 0.00 0.00 0.00 0.00 0.01 0.11 0.18 0.77 0.42 0.73 0.59 0.80 0.82 0.16 0.09 0.00 0.00 0.00 
0.00 0.00 0.00 0.00 0.00 0.00 0.00 0.00 0.00 0.00 0.00 0.00 0.00 0.01 0.03 0.35 0.29 0.45 0.95 0.98 1.00 0.99 0.76 0.42 0.02 0.01 0.01 0.08 0.07 0.05 0.34 0.17 0.44 0.05 0.08 0.04 0.24 0.58 0.16 0.30 0.02 0.00 0.00 
0.01 0.00 0.00 0.00 0.00 0.00 0.00 0.00 0.00 0.00 0.00 0.00 0.02 0.12 0.10 0.60 0.21 0.10 0.70 0.70 0.99 1.00 0.98 0.89 0.30 0.34 0.16 0.67 0.40 0.21 0.57 0.15 0.16 0.01 0.01 0.00 0.08 0.44 0.32 0.75 0.19 0.02 0.01 
0.00 0.00 0.00 0.00 0.00 0.00 0.00 0.00 0.00 0.00 0.00 0.00 0.00 0.02 0.01 0.12 0.02 0.01 0.16 0.08 0.76 0.98 1.00 0.99 0.90 0.89 0.47 0.69 0.27 0.04 0.07 0.01 0.00 0.00 0.00 0.00 0.00 0.02 0.02 0.17 0.03 0.01 0.00 
0.00 0.00 0.00 0.00 0.00 0.00 0.00 0.00 0.00 0.00 0.00 0.00 0.00 0.00 0.00 0.01 0.00 0.00 0.01 0.02 0.42 0.89 0.99 1.00 0.99 0.88 0.70 0.85 0.75 0.13 0.07 0.00 0.00 0.00 0.00 0.00 0.00 0.00 0.00 0.06 0.03 0.01 0.00 
0.00 0.00 0.00 0.00 0.00 0.00 0.00 0.00 0.00 0.00 0.00 0.00 0.00 0.00 0.00 0.00 0.00 0.00 0.00 0.00 0.02 0.30 0.90 0.99 1.00 0.99 0.93 0.79 0.43 0.02 0.01 0.00 0.00 0.00 0.00 0.00 0.00 0.00 0.00 0.01 0.01 0.01 0.00 
0.00 0.00 0.00 0.00 0.00 0.00 0.00 0.00 0.00 0.00 0.00 0.00 0.00 0.01 0.00 0.01 0.00 0.00 0.00 0.00 0.01 0.34 0.89 0.88 0.99 1.00 0.99 0.88 0.26 0.02 0.01 0.00 0.00 0.00 0.00 0.00 0.00 0.00 0.00 0.05 0.04 0.03 0.02 
0.00 0.00 0.00 0.00 0.00 0.00 0.00 0.00 0.00 0.00 0.00 0.00 0.01 0.02 0.00 0.00 0.00 0.00 0.00 0.00 0.01 0.16 0.47 0.70 0.93 0.99 1.00 0.99 0.77 0.21 0.05 0.00 0.00 0.00 0.00 0.00 0.00 0.00 0.00 0.11 0.26 0.41 0.18 
0.01 0.00 0.00 0.00 0.00 0.00 0.00 0.00 0.00 0.00 0.00 0.00 0.05 0.11 0.01 0.02 0.00 0.00 0.00 0.00 0.08 0.67 0.69 0.85 0.79 0.88 0.99 1.00 0.99 0.90 0.69 0.06 0.01 0.00 0.00 0.00 0.00 0.01 0.05 0.71 0.86 0.84 0.40 
0.00 0.00 0.00 0.00 0.00 0.00 0.00 0.00 0.00 0.00 0.00 0.00 0.01 0.01 0.00 0.00 0.00 0.00 0.00 0.00 0.07 0.40 0.27 0.75 0.43 0.26 0.77 0.99 1.00 0.99 0.83 0.11 0.01 0.00 0.00 0.00 0.00 0.00 0.02 0.39 0.71 0.70 0.09 
0.00 0.00 0.00 0.00 0.00 0.04 0.02 0.02 0.06 0.00 0.00 0.01 0.10 0.04 0.00 0.01 0.00 0.00 0.00 0.01 0.05 0.21 0.04 0.13 0.02 0.02 0.21 0.90 0.99 1.00 0.99 0.70 0.10 0.00 0.00 0.00 0.00 0.02 0.11 0.75 0.95 0.92 0.27 
0.00 0.00 0.00 0.02 0.04 0.30 0.12 0.05 0.11 0.01 0.01 0.04 0.48 0.28 0.09 0.10 0.01 0.00 0.02 0.11 0.34 0.57 0.07 0.07 0.01 0.01 0.05 0.69 0.83 0.99 1.00 0.99 0.80 0.10 0.01 0.00 0.02 0.50 0.79 0.98 0.97 0.76 0.23 
0.00 0.01 0.00 0.08 0.18 0.82 0.69 0.23 0.25 0.02 0.01 0.06 0.51 0.19 0.15 0.11 0.02 0.01 0.02 0.18 0.17 0.15 0.01 0.00 0.00 0.00 0.00 0.06 0.11 0.70 0.99 1.00 0.99 0.75 0.13 0.02 0.15 0.83 0.91 0.91 0.75 0.18 0.04 
0.00 0.00 0.00 0.03 0.04 0.38 0.25 0.02 0.01 0.00 0.00 0.01 0.11 0.06 0.17 0.25 0.17 0.21 0.21 0.77 0.44 0.16 0.00 0.00 0.00 0.00 0.00 0.01 0.01 0.10 0.80 0.99 1.00 0.99 0.86 0.36 0.77 0.97 0.87 0.61 0.12 0.01 0.00 
0.00 0.00 0.00 0.05 0.04 0.28 0.18 0.01 0.00 0.00 0.00 0.00 0.03 0.02 0.13 0.14 0.21 0.32 0.10 0.42 0.05 0.01 0.00 0.00 0.00 0.00 0.00 0.00 0.00 0.00 0.10 0.75 0.99 1.00 0.99 0.85 0.92 0.95 0.64 0.10 0.01 0.00 0.00 
0.00 0.00 0.00 0.00 0.00 0.01 0.01 0.00 0.00 0.00 0.00 0.00 0.00 0.00 0.04 0.12 0.48 0.86 0.40 0.73 0.08 0.01 0.00 0.00 0.00 0.00 0.00 0.00 0.00 0.00 0.01 0.13 0.86 0.99 1.00 0.99 0.98 0.86 0.17 0.01 0.00 0.00 0.00 
0.00 0.00 0.00 0.00 0.00 0.00 0.00 0.00 0.00 0.00 0.00 0.00 0.00 0.00 0.04 0.15 0.76 0.97 0.56 0.59 0.04 0.00 0.00 0.00 0.00 0.00 0.00 0.00 0.00 0.00 0.00 0.02 0.36 0.85 0.99 1.00 0.99 0.70 0.06 0.00 0.00 0.00 0.00 
0.00 0.02 0.00 0.03 0.01 0.01 0.00 0.00 0.00 0.00 0.00 0.00 0.02 0.06 0.60 0.88 0.98 0.98 0.84 0.80 0.24 0.08 0.00 0.00 0.00 0.00 0.00 0.00 0.00 0.00 0.02 0.15 0.77 0.92 0.98 0.99 1.00 0.99 0.70 0.12 0.00 0.00 0.00 
0.02 0.07 0.01 0.17 0.05 0.18 0.03 0.00 0.00 0.00 0.00 0.02 0.33 0.51 0.89 0.96 0.92 0.80 0.71 0.82 0.58 0.44 0.02 0.00 0.00 0.00 0.00 0.01 0.00 0.02 0.50 0.83 0.97 0.95 0.86 0.70 0.99 1.00 0.99 0.84 0.13 0.01 0.00 
0.27 0.54 0.22 0.77 0.49 0.66 0.10 0.01 0.04 0.01 0.02 0.39 0.96 0.97 0.98 0.94 0.54 0.11 0.11 0.16 0.16 0.32 0.02 0.00 0.00 0.00 0.00 0.05 0.02 0.11 0.79 0.91 0.87 0.64 0.17 0.06 0.70 0.99 1.00 0.99 0.73 0.12 0.14 
0.21 0.18 0.06 0.23 0.14 0.32 0.04 0.01 0.05 0.01 0.02 0.29 0.94 0.96 0.82 0.77 0.11 0.02 0.05 0.09 0.30 0.75 0.17 0.06 0.01 0.05 0.11 0.71 0.39 0.75 0.98 0.91 0.61 0.10 0.01 0.00 0.12 0.84 0.99 1.00 0.98 0.76 0.63 
0.07 0.04 0.04 0.09 0.13 0.32 0.05 0.03 0.27 0.05 0.10 0.48 0.92 0.79 0.18 0.07 0.00 0.00 0.00 0.00 0.02 0.19 0.03 0.03 0.01 0.04 0.26 0.86 0.71 0.95 0.97 0.75 0.12 0.01 0.00 0.00 0.00 0.13 0.73 0.98 1.00 0.99 0.96 
0.02 0.01 0.01 0.01 0.03 0.07 0.01 0.02 0.21 0.04 0.09 0.27 0.60 0.30 0.02 0.00 0.00 0.00 0.00 0.00 0.00 0.02 0.01 0.01 0.01 0.03 0.41 0.84 0.70 0.92 0.76 0.18 0.01 0.00 0.00 0.00 0.00 0.01 0.12 0.76 0.99 1.00 0.99 
0.23 0.09 0.15 0.08 0.09 0.06 0.00 0.01 0.13 0.09 0.43 0.78 0.87 0.70 0.05 0.01 0.00 0.00 0.00 0.00 0.00 0.01 0.00 0.00 0.00 0.02 0.18 0.40 0.09 0.27 0.23 0.04 0.00 0.00 0.00 0.00 0.00 0.00 0.14 0.63 0.96 0.99 1.00 
