1.00 0.98 0.91 0.40 0.15 0.01 0.00 0.00 0.00 0.00 0.00 0.00 0.00 0.00 0.00 0.00 0.00 0.00 0.00 0.00 0.00 0.00 0.00 0.04 0.01 0.01 0.04 0.07 0.39 0.17 0.02 0.00 0.00 0.00 0.00 0.00 0.00 0.00 0.00 0.00 0.00 0.00 0.00 0.00 0.00 0.00 0.00 0.00 0.00 0.00 0.00 0.00 0.00 0.00 0.00 0.00 0.01 0.16 0.10 0.11 0.01 
0.98 1.00 0.98 0.78 0.19 0.01 0.00 0.00 0.00 0.00 0.00 0.00 0.00 0.00 0.00 0.00 0.00 0.00 0.00 0.00 0.00 0.00 0.00 0.03 0.01 0.01 0.17 0.38 0.90 0.90 0.33 0.07 0.00 0.00 0.00 0.00 0.00 0.00 0.00 0.00 0.00 0.00 0.00 0.00 0.00 0.00 0.00 0.00 0.00 0.00 0.00 0.00 0.00 0.00 0.00 0.00 0.00 0.03 0.01 0.00 0.00 
0.91 0.98 1.00 0.98 0.78 0.09 0.00 0.00 0.00 0.00 0.00 0.00 0.00 0.00 0.00 0.00 0.00 0.00 0.00 0.00 0.00 0.00 0.00 0.01 0.00 0.00 0.01 0.10 0.82 0.79 0.54 0.08 0.00 0.00 0.00 0.00 0.00 0.00 0.00 0.00 0.00 0.00 0.00 0.00 0.00 0.00 0.00 0.00 0.00 0.00 0.00 0.00 0.00 0.00 0.09 0.06 0.03 0.19 0.07 0.01 0.00 
0.40 0.78 0.98 1.00 0.98 0.70 0.06 0.01 0.01 0.00 0.00 0.00 0.00 0.00 0.00 0.00 0.00 0.00 0.00 0.01 0.04 0.02 0.01 0.02 0.00 0.00 0.01 0.24 0.92 0.75 0.84 0.42 0.02 0.00 0.00 0.00 0.00 0.00 0.00 0.00 0.00 0.00 0.00 0.00 0.00 0.01 0.05 0.00 0.01 0.00 0.01 0.00 0.01 0.09 0.76 0.45 0.20 0.39 0.07 0.01 0.00 
0.15 0.19 0.78 0.98 1.00 0.98 0.71 0.14 0.11 0.00 0.00 0.00 0.00 0.00 0.00 0.00 0.00 0.00 0.01 0.04 0.20 0.10 0.02 0.02 0.00 0.00 0.00 0.06 0.46 0.08 0.15 0.06 0.00 0.00 0.00 0.00 0.00 0.00 0.00 0.00 0.00 0.00 0.00 0.00 0.00 0.01 0.03 0.00 0.00 0.00 0.01 0.00 0.03 0.39 0.96 0.95 0.92 0.94 0.45 0.05 0.01 
0.01 0.01 0.09 0.70 0.98 1.00 0.98 0.88 0.81 0.09 0.01 0.00 0.00 0.00 0.00 0.00 0.00 0.00 0.05 0.32 0.86 0.71 0.19 0.06 0.00 0.00 0.00 0.04 0.16 0.01 0.02 0.03 0.00 0.00 0.00 0.00 0.00 0.00 0.00 0.00 0.00 0.00 0.00 0.00 0.00 0.05 0.10 0.01 0.01 0.01 0.01 0.00 0.05 0.67 0.93 0.90 0.95 0.87 0.15 0.02 0.01 
0.00 0.00 0.00 0.06 0.71 0.98 1.00 0.98 0.82 0.10 0.00 0.00 0.00 0.00 0.00 0.00 0.00 0.00 0.01 0.07 0.62 0.65 0.17 0.03 0.00 0.00 0.00 0.00 0.01 0.00 0.00 0.00 0.00 0.00 0.00 0.00 0.00 0.00 0.00 0.00 0.00 0.00 0.00 0.00 0.00 0.01 0.01 0.00 0.00 0.00 0.00 0.00 0.00 0.18 0.40 0.66 0.97 0.87 0.18 0.04 0.11 
0.00 0.00 0.00 0.01 0.14 0.88 0.98 1.00 0.98 0.74 0.07 0.00 0.00 0.00 0.00 0.00 0.00 0.00 0.07 0.37 0.91 0.85 0.18 0.01 0.00 0.00 0.00 0.00 0.00 0.00 0.00 0.00 0.00 0.00 0.00 0.00 0.00 0.00 0.00 0.00 0.00 0.00 0.00 0.00 0.00 0.02 0.02 0.01 0.00 0.00 0.00 0.00 0.01 0.21 0.14 0.14 0.50 0.12 0.00 0.00 0.00 
0.00 0.00 0.00 0.01 0.11 0.81 0.82 0.98 1.00 0.98 0.74 0.06 0.01 0.00 0.00 0.00 0.02 0.07 0.77 0.91 0.96 0.58 0.03 0.00 0.00 0.00 0.00 0.00 0.00 0.00 0.00 0.00 0.00 0.00 0.00 0.00 0.00 0.00 0.00 0.00 0.00 0.00 0.00 0.00 0.00 0.01 0.04 0.02 0.02 0.08 0.05 0.03 0.20 0.83 0.45 0.20 0.24 0.02 0.00 0.00 0.00 
0.00 0.00 0.00 0.00 0.00 0.09 0.10 0.74 0.98 1.00 0.98 0.69 0.13 0.01 0.00 0.00 0.16 0.42 0.93 0.89 0.76 0.12 0.00 0.00 0.00 0.00 0.00 0.00 0.00 0.00 0.00 0.00 0.00 0.00 0.00 0.00 0.00 0.00 0.00 0.00 0.00 0.00 0.00 0.00 0.00 0.00 0.01 0.02 0.02 0.12 0.07 0.06 0.14 0.47 0.04 0.01 0.01 0.00 0.00 0.00 0.00 
0.00 0.00 0.00 0.00 0.00 0.01 0.00 0.07 0.74 0.98 1.00 0.98 0.79 0.37 0.08 0.14 0.89 0.93 0.98 0.72 0.17 0.01 0.00 0.00 0.00 0.00 0.00 0.00 0.00 0.00 0.00 0.00 0.00 0.00 0.00 0.00 0.00 0.00 0.00 0.00 0.00 0.00 0.00 0.00 0.00 0.00 0.00 0.01 0.01 0.23 0.24 0.46 0.42 0.43 0.02 0.00 0.00 0.00 0.00 0.00 0.00 
0.00 0.00 0.00 0.00 0.00 0.00 0.00 0.00 0.06 0.69 0.98 1.00 0.98 0.93 0.40 0.31 0.93 0.92 0.76 0.13 0.01 0.00 0.00 0.00 0.00 0.00 0.00 0.00 0.00 0.00 0.00 0.00 0.00 0.00 0.00 0.00 0.00 0.00 0.00 0.00 0.00 0.00 0.00 0.00 0.00 0.00 0.00 0.00 0.00 0.06 0.05 0.20 0.05 0.02 0.00 0.00 0.00 0.00 0.00 0.00 0.00 
0.00 0.00 0.00 0.00 0.00 0.00 0.00 0.00 0.01 0.13 0.79 0.98 1.00 0.98 0.72 0.35 0.84 0.40 0.11 0.00 0.00 0.00 0.00 0.00 0.00 0.00 0.00 0.00 0.00 0.00 0.00 0.00 0.00 0.00 0.00 0.00 0.00 0.00 0.00 0.00 0.00 0.00 0.00 0.00 0.00 0.00 0.00 0.00 0.00 0.00 0.00 0.04 0.01 0.00 0.00 0.00 0.00 0.00 0.00 0.00 0.00 
0.00 0.00 0.00 0.00 0.00 0.00 0.00 0.00 0.00 0.01 0.37 0.93 0.98 1.00 0.98 0.89 0.94 0.59 0.07 0.00 0.00 0.00 0.00 0.00 0.00 0.00 0.00 0.00 0.00 0.00 0.00 0.00 0.00 0.00 0.00 0.00 0.00 0.00 0.00 0.00 0.00 0.00 0.00 0.00 0.00 0.00 0.00 0.00 0.00 0.00 0.01 0.12 0.01 0.00 0.00 0.00 0.00 0.00 0.00 0.00 0.00 
0.00 0.00 0.00 0.00 0.00 0.00 0.00 0.00 0.00 0.00 0.08 0.40 0.72 0.98 1.00 0.99 0.95 0.40 0.03 0.00 0.00 0.00 0.00 0.00 0.00 0.00 0.00 0.00 0.00 0.00 0.00 0.00 0.00 0.00 0.00 0.00 0.00 0.00 0.00 0.00 0.00 0.00 0.00 0.00 0.00 0.00 0.00 0.00 0.00 0.00 0.02 0.32 0.03 0.00 0.00 0.00 0.00 0.00 0.00 0.00 0.00 
0.00 0.00 0.00 0.00 0.00 0.00 0.00 0.00 0.00 0.00 0.14 0.31 0.35 0.89 0.99 1.00 0.98 0.77 0.14 0.00 0.00 0.00 0.00 0.00 0.00 0.00 0.00 0.00 0.00 0.00 0.00 0.00 0.00 0.00 0.00 0.00 0.00 0.00 0.00 0.00 0.00 0.00 0.00 0.00 0.00 0.00 0.00 0.00 0.00 0.02 0.20 0.88 0.27 0.01 0.00 0.00 0.00 0.00 0.00 0.00 0.00 
0.00 0.00 0.00 0.00 0.00 0.00 0.00 0.00 0.02 0.16 0.89 0.93 0.84 0.94 0.95 0.98 1.00 0.98 0.82 0.08 0.00 0.00 0.00 0.00 0.00 0.00 0.00 0.00 0.00 0.00 0.00 0.00 0.00 0.00 0.00 0.00 0.00 0.00 0.00 0.00 0.00 0.00 0.00 0.00 0.00 0.00 0.00 0.00 0.00 0.18 0.54 0.96 0.67 0.14 0.00 0.00 0.00 0.00 0.00 0.00 0.00 
0.00 0.00 0.00 0.00 0.00 0.00 0.00 0.00 0.07 0.42 0.93 0.92 0.40 0.59 0.40 0.77 0.98 1.00 0.98 0.64 0.04 0.00 0.00 0.00 0.00 0.00 0.00 0.00 0.00 0.00 0.00 0.00 0.00 0.00 0.00 0.00 0.00 0.00 0.00 0.00 0.00 0.00 0.00 0.00 0.00 0.00 0.00 0.03 0.14 0.88 0.91 0.95 0.62 0.21 0.01 0.00 0.00 0.00 0.00 0.00 0.00 
0.00 0.00 0.00 0.00 0.01 0.05 0.01 0.07 0.77 0.93 0.98 0.76 0.11 0.07 0.03 0.14 0.82 0.98 1.00 0.98 0.61 0.03 0.00 0.00 0.00 0.00 0.00 0.00 0.00 0.00 0.00 0.01 0.00 0.00 0.00 0.00 0.00 0.00 0.00 0.00 0.00 0.00 0.00 0.00 0.00 0.00 0.04 0.15 0.41 0.94 0.93 0.89 0.85 0.82 0.15 0.01 0.00 0.00 0.00 0.00 0.00 
0.00 0.00 0.00 0.01 0.04 0.32 0.07 0.37 0.91 0.89 0.72 0.13 0.00 0.00 0.00 0.00 0.08 0.64 0.98 1.00 0.98 0.53 0.03 0.00 0.00 0.00 0.00 0.01 0.01 0.00 0.01 0.06 0.02 0.02 0.02 0.01 0.00 0.00 0.00 0.00 0.00 0.00 0.00 0.00 0.00 0.14 0.63 0.79 0.83 0.94 0.73 0.24 0.33 0.67 0.22 0.01 0.01 0.00 0.00 0.00 0.00 
0.00 0.00 0.00 0.04 0.20 0.86 0.62 0.91 0.96 0.76 0.17 0.01 0.00 0.00 0.00 0.00 0.00 0.04 0.61 0.98 1.00 0.98 0.54 0.06 0.00 0.00 0.00 0.05 0.04 0.00 0.01 0.06 0.01 0.01 0.03 0.02 0.00 0.00 0.00 0.00 0.00 0.00 0.00 0.00 0.05 0.62 0.81 0.59 0.37 0.32 0.08 0.01 0.04 0.40 0.26 0.04 0.06 0.02 0.00 0.00 0.00 
0.00 0.00 0.00 0.02 0.10 0.71 0.65 0.85 0.58 0.12 0.01 0.00 0.00 0.00 0.00 0.00 0.00 0.00 0.03 0.53 0.98 1.00 0.98 0.64 0.04 0.00 0.02 0.17 0.06 0.00 0.00 0.02 0.00 0.01 0.05 0.05 0.02 0.00 0.00 0.00 0.00 0.00 0.00 0.10 0.43 0.92 0.76 0.26 0.05 0.01 0.00 0.00 0.00 0.02 0.03 0.01 0.03 0.03 0.00 0.00 0.00 
0.00 0.00 0.00 0.01 0.02 0.19 0.17 0.18 0.03 0.00 0.00 0.00 0.00 0.00 0.00 0.00 0.00 0.00 0.00 0.03 0.54 0.98 1.00 0.98 0.68 0.13 0.19 0.45 0.09 0.00 0.00 0.01 0.00 0.00 0.07 0.13 0.18 0.03 0.00 0.00 0.00 0.01 0.09 0.79 0.92 0.96 0.53 0.06 0.01 0.00 0.00 0.00 0.00 0.00 0.00 0.00 0.01 0.01 0.00 0.00 0.00 
0.04 0.03 0.01 0.02 0.02 0.06 0.03 0.01 0.00 0.00 0.00 0.00 0.00 0.00 0.00 0.00 0.00 0.00 0.00 0.00 0.06 0.64 0.98 1.00 0.98 0.78 0.82 0.83 0.32 0.01 0.00 0.02 0.00 0.00 0.08 0.09 0.23 0.04 0.00 0.00 0.01 0.10 0.36 0.90 0.95 0.82 0.24 0.01 0.00 0.00 0.00 0.00 0.00 0.00 0.00 0.00 0.00 0.02 0.00 0.00 0.00 
0.01 0.01 0.00 0.00 0.00 0.00 0.00 0.00 0.00 0.00 0.00 0.00 0.00 0.00 0.00 0.00 0.00 0.00 0.00 0.00 0.00 0.04 0.68 0.98 1.00 0.98 0.88 0.48 0.05 0.00 0.00 0.00 0.00 0.00 0.02 0.05 0.36 0.16 0.02 0.08 0.24 0.84 0.92 0.97 0.90 0.29 0.02 0.00 0.00 0.00 0.00 0.00 0.00 0.00 0.00 0.00 0.00 0.00 0.00 0.00 0.00 
0.01 0.01 0.00 0.00 0.00 0.00 0.00 0.00 0.00 0.00 0.00 0.00 0.00 0.00 0.00 0.00 0.00 0.00 0.00 0.00 0.00 0.00 0.13 0.78 0.98 1.00 0.98 0.64 0.06 0.01 0.00 0.00 0.00 0.00 0.09 0.14 0.65 0.28 0.10 0.20 0.45 0.87 0.96 0.88 0.85 0.16 0.02 0.00 0.00 0.00 0.00 0.00 0.00 0.00 0.00 0.00 0.00 0.00 0.00 0.00 0.00 
0.04 0.17 0.01 0.01 0.00 0.00 0.00 0.00 0.00 0.00 0.00 0.00 0.00 0.00 0.00 0.00 0.00 0.00 0.00 0.00 0.00 0.02 0.19 0.82 0.88 0.98 1.00 0.98 0.73 0.30 0.03 0.15 0.02 0.04 0.53 0.29 0.48 0.05 0.01 0.01 0.02 0.12 0.44 0.49 0.86 0.41 0.18 0.01 0.00 0.00 0.00 0.00 0.00 0.00 0.00 0.00 0.00 0.00 0.00 0.00 0.00 
0.07 0.38 0.10 0.24 0.06 0.04 0.00 0.00 0.00 0.00 0.00 0.00 0.00 0.00 0.00 0.00 0.00 0.00 0.00 0.01 0.05 0.17 0.45 0.83 0.48 0.64 0.98 1.00 0.98 0.79 0.42 0.84 0.24 0.26 0.86 0.41 0.26 0.01 0.00 0.00 0.00 0.01 0.05 0.19 0.84 0.82 0.83 0.12 0.05 0.00 0.00 0.00 0.00 0.00 0.00 0.00 0.00 0.00 0.00 0.00 0.00 
0.39 0.90 0.82 0.92 0.46 0.16 0.01 0.00 0.00 0.00 0.00 0.00 0.00 0.00 0.00 0.00 0.00 0.00 0.00 0.01 0.04 0.06 0.09 0.32 0.05 0.06 0.73 0.98 1.00 0.98 0.93 0.93 0.25 0.08 0.30 0.02 0.01 0.00 0.00 0.00 0.00 0.00 0.00 0.01 0.12 0.21 0.49 0.03 0.05 0.00 0.00 0.00 0.00 0.00 0.04 0.01 0.00 0.02 0.00 0.00 0.00 
0.17 0.90 0.79 0.75 0.08 0.01 0.00 0.00 0.00 0.00 0.00 0.00 0.00 0.00 0.00 0.00 0.00 0.00 0.00 0.00 0.00 0.00 0.00 0.01 0.00 0.01 0.30 0.79 0.98 1.00 0.98 0.91 0.39 0.05 0.09 0.00 0.00 0.00 0.00 0.00 0.00 0.00 0.00 0.00 0.01 0.01 0.07 0.00 0.01 0.00 0.00 0.00 0.00 0.00 0.01 0.00 0.00 0.00 0.00 0.00 0.00 
0.02 0.33 0.54 0.84 0.15 0.02 0.00 0.00 0.00 0.00 0.00 0.00 0.00 0.00 0.00 0.00 0.00 0.00 0.00 0.01 0.01 0.00 0.00 0.00 0.00 0.00 0.03 0.42 0.93 0.98 1.00 0.98 0.81 0.15 0.09 0.00 0.00 0.00 0.00 0.00 0.00 0.00 0.00 0.00 0.00 0.01 0.16 0.02 0.18 0.02 0.03 0.00 0.00 0.01 0.07 0.00 0.00 0.00 0.00 0.00 0.00 
0.00 0.07 0.08 0.42 0.06 0.03 0.00 0.00 0.00 0.00 0.00 0.00 0.00 0.00 0.00 0.00 0.00 0.00 0.01 0.06 0.06 0.02 0.01 0.02 0.00 0.00 0.15 0.84 0.93 0.91 0.98 1.00 0.98 0.87 0.81 0.09 0.01 0.00 0.00 0.00 0.00 0.00 0.00 0.00 0.04 0.20 0.85 0.47 0.80 0.15 0.05 0.00 0.00 0.01 0.03 0.00 0.00 0.00 0.00 0.00 0.00 
0.00 0.00 0.00 0.02 0.00 0.00 0.00 0.00 0.00 0.00 0.00 0.00 0.00 0.00 0.00 0.00 0.00 0.00 0.00 0.02 0.01 0.00 0.00 0.00 0.00 0.00 0.02 0.24 0.25 0.39 0.81 0.98 1.00 0.98 0.81 0.10 0.00 0.00 0.00 0.00 0.00 0.00 0.00 0.00 0.01 0.04 0.54 0.48 0.85 0.17 0.04 0.00 0.00 0.00 0.00 0.00 0.00 0.00 0.00 0.00 0.00 
0.00 0.00 0.00 0.00 0.00 0.00 0.00 0.00 0.00 0.00 0.00 0.00 0.00 0.00 0.00 0.00 0.00 0.00 0.00 0.02 0.01 0.01 0.00 0.00 0.00 0.00 0.04 0.26 0.08 0.05 0.15 0.87 0.98 1.00 0.98 0.77 0.09 0.00 0.00 0.00 0.00 0.00 0.00 0.00 0.06 0.26 0.83 0.89 0.87 0.13 0.01 0.00 0.00 0.00 0.00 0.00 0.00 0.00 0.00 0.00 0.00 
0.00 0.00 0.00 0.00 0.00 0.00 0.00 0.00 0.00 0.00 0.00 0.00 0.00 0.00 0.00 0.00 0.00 0.00 0.00 0.02 0.03 0.05 0.07 0.08 0.02 0.09 0.53 0.86 0.30 0.09 0.09 0.81 0.81 0.98 1.00 0.98 0.75 0.06 0.01 0.00 0.00 0.00 0.02 0.07 0.75 0.88 0.96 0.85 0.52 0.02 0.00 0.00 0.00 0.00 0.00 0.00 0.00 0.00 0.00 0.00 0.00 
0.00 0.00 0.00 0.00 0.00 0.00 0.00 0.00 0.00 0.00 0.00 0.00 0.00 0.00 0.00 0.00 0.00 0.00 0.00 0.01 0.02 0.05 0.13 0.09 0.05 0.14 0.29 0.41 0.02 0.00 0.00 0.09 0.10 0.77 0.98 1.00 0.98 0.67 0.13 0.01 0.00 0.00 0.17 0.39 0.93 0.93 0.82 0.68 0.09 0.00 0.00 0.00 0.00 0.00 0.00 0.00 0.00 0.00 0.00 0.00 0.00 
0.00 0.00 0.00 0.00 0.00 0.00 0.00 0.00 0.00 0.00 0.00 0.00 0.00 0.00 0.00 0.00 0.00 0.00 0.00 0.00 0.00 0.02 0.18 0.23 0.36 0.65 0.48 0.26 0.01 0.00 0.00 0.01 0.00 0.09 0.75 0.98 1.00 0.98 0.80 0.38 0.08 0.15 0.89 0.92 0.98 0.79 0.24 0.06 0.00 0.00 0.00 0.00 0.00 0.00 0.00 0.00 0.00 0.00 0.00 0.00 0.00 
0.00 0.00 0.00 0.00 0.00 0.00 0.00 0.00 0.00 0.00 0.00 0.00 0.00 0.00 0.00 0.00 0.00 0.00 0.00 0.00 0.00 0.00 0.03 0.04 0.16 0.28 0.05 0.01 0.00 0.00 0.00 0.00 0.00 0.00 0.06 0.67 0.98 1.00 0.98 0.92 0.38 0.36 0.95 0.90 0.75 0.17 0.01 0.00 0.00 0.00 0.00 0.00 0.00 0.00 0.00 0.00 0.00 0.00 0.00 0.00 0.00 
0.00 0.00 0.00 0.00 0.00 0.00 0.00 0.00 0.00 0.00 0.00 0.00 0.00 0.00 0.00 0.00 0.00 0.00 0.00 0.00 0.00 0.00 0.00 0.00 0.02 0.10 0.01 0.00 0.00 0.00 0.00 0.00 0.00 0.00 0.01 0.13 0.80 0.98 1.00 0.98 0.66 0.33 0.84 0.32 0.11 0.01 0.00 0.00 0.00 0.00 0.00 0.00 0.00 0.00 0.00 0.00 0.00 0.00 0.00 0.00 0.00 
0.00 0.00 0.00 0.00 0.00 0.00 0.00 0.00 0.00 0.00 0.00 0.00 0.00 0.00 0.00 0.00 0.00 0.00 0.00 0.00 0.00 0.00 0.00 0.00 0.08 0.20 0.01 0.00 0.00 0.00 0.00 0.00 0.00 0.00 0.00 0.01 0.38 0.92 0.98 1.00 0.98 0.90 0.95 0.48 0.07 0.00 0.00 0.00 0.00 0.00 0.00 0.00 0.00 0.00 0.00 0.00 0.00 0.00 0.00 0.00 0.00 
0.00 0.00 0.00 0.00 0.00 0.00 0.00 0.00 0.00 0.00 0.00 0.00 0.00 0.00 0.00 0.00 0.00 0.00 0.00 0.00 0.00 0.00 0.00 0.01 0.24 0.45 0.02 0.00 0.00 0.00 0.00 0.00 0.00 0.00 0.00 0.00 0.08 0.38 0.66 0.98 1.00 0.99 0.95 0.36 0.03 0.00 0.00 0.00 0.00 0.00 0.00 0.00 0.00 0.00 0.00 0.00 0.00 0.00 0.00 0.00 0.00 
0.00 0.00 0.00 0.00 0.00 0.00 0.00 0.00 0.00 0.00 0.00 0.00 0.00 0.00 0.00 0.00 0.00 0.00 0.00 0.00 0.00 0.00 0.01 0.10 0.84 0.87 0.12 0.01 0.00 0.00 0.00 0.00 0.00 0.00 0.00 0.00 0.15 0.36 0.33 0.90 0.99 1.00 0.98 0.79 0.16 0.00 0.00 0.00 0.00 0.00 0.00 0.00 0.00 0.00 0.00 0.00 0.00 0.00 0.00 0.00 0.00 
0.00 0.00 0.00 0.00 0.00 0.00 0.00 0.00 0.00 0.00 0.00 0.00 0.00 0.00 0.00 0.00 0.00 0.00 0.00 0.00 0.00 0.00 0.09 0.36 0.92 0.96 0.44 0.05 0.00 0.00 0.00 0.00 0.00 0.00 0.02 0.17 0.89 0.95 0.84 0.95 0.95 0.98 1.00 0.98 0.83 0.10 0.00 0.00 0.00 0.00 0.00 0.00 0.00 0.00 0.00 0.00 0.00 0.00 0.00 0.00 0.00 
0.00 0.00 0.00 0.00 0.00 0.00 0.00 0.00 0.00 0.00 0.00 0.00 0.00 0.00 0.00 0.00 0.00 0.00 0.00 0.00 0.00 0.10 0.79 0.90 0.97 0.88 0.49 0.19 0.01 0.00 0.00 0.00 0.00 0.00 0.07 0.39 0.92 0.90 0.32 0.48 0.36 0.79 0.98 1.00 0.98 0.69 0.05 0.00 0.00 0.00 0.00 0.00 0.00 0.00 0.00 0.00 0.00 0.00 0.00 0.00 0.00 
0.00 0.00 0.00 0.00 0.00 0.00 0.00 0.00 0.00 0.00 0.00 0.00 0.00 0.00 0.00 0.00 0.00 0.00 0.00 0.00 0.05 0.43 0.92 0.95 0.90 0.85 0.86 0.84 0.12 0.01 0.00 0.04 0.01 0.06 0.75 0.93 0.98 0.75 0.11 0.07 0.03 0.16 0.83 0.98 1.00 0.98 0.70 0.13 0.01 0.00 0.00 0.00 0.00 0.00 0.00 0.00 0.00 0.00 0.00 0.00 0.00 
0.00 0.00 0.00 0.01 0.01 0.05 0.01 0.02 0.01 0.00 0.00 0.00 0.00 0.00 0.00 0.00 0.00 0.00 0.00 0.14 0.62 0.92 0.96 0.82 0.29 0.16 0.41 0.82 0.21 0.01 0.01 0.20 0.04 0.26 0.88 0.93 0.79 0.17 0.01 0.00 0.00 0.00 0.10 0.69 0.98 1.00 0.98 0.80 0.19 0.02 0.00 0.00 0.00 0.00 0.00 0.00 0.00 0.00 0.00 0.00 0.00 
0.00 0.00 0.00 0.05 0.03 0.10 0.01 0.02 0.04 0.01 0.00 0.00 0.00 0.00 0.00 0.00 0.00 0.00 0.04 0.63 0.81 0.76 0.53 0.24 0.02 0.02 0.18 0.83 0.49 0.07 0.16 0.85 0.54 0.83 0.96 0.82 0.24 0.01 0.00 0.00 0.00 0.00 0.00 0.05 0.70 0.98 1.00 0.98 0.91 0.33 0.03 0.00 0.00 0.01 0.01 0.00 0.00 0.00 0.00 0.00 0.00 
0.00 0.00 0.00 0.00 0.00 0.01 0.00 0.01 0.02 0.02 0.01 0.00 0.00 0.00 0.00 0.00 0.00 0.03 0.15 0.79 0.59 0.26 0.06 0.01 0.00 0.00 0.01 0.12 0.03 0.00 0.02 0.47 0.48 0.89 0.85 0.68 0.06 0.00 0.00 0.00 0.00 0.00 0.00 0.00 0.13 0.80 0.98 1.00 0.98 0.81 0.11 0.00 0.00 0.01 0.00 0.00 0.00 0.00 0.00 0.00 0.00 
0.00 0.00 0.00 0.01 0.00 0.01 0.00 0.00 0.02 0.02 0.01 0.00 0.00 0.00 0.00 0.00 0.00 0.14 0.41 0.83 0.37 0.05 0.01 0.00 0.00 0.00 0.00 0.05 0.05 0.01 0.18 0.80 0.85 0.87 0.52 0.09 0.00 0.00 0.00 0.00 0.00 0.00 0.00 0.00 0.01 0.19 0.91 0.98 1.00 0.98 0.76 0.07 0.03 0.04 0.02 0.00 0.00 0.00 0.00 0.00 0.00 
0.00 0.00 0.00 0.00 0.00 0.01 0.00 0.00 0.08 0.12 0.23 0.06 0.00 0.00 0.00 0.02 0.18 0.88 0.94 0.94 0.32 0.01 0.00 0.00 0.00 0.00 0.00 0.00 0.00 0.00 0.02 0.15 0.17 0.13 0.02 0.00 0.00 0.00 0.00 0.00 0.00 0.00 0.00 0.00 0.00 0.02 0.33 0.81 0.98 1.00 0.98 0.69 0.35 0.22 0.04 0.00 0.00 0.00 0.00 0.00 0.00 
0.00 0.00 0.00 0.01 0.01 0.01 0.00 0.00 0.05 0.07 0.24 0.05 0.00 0.01 0.02 0.20 0.54 0.91 0.93 0.73 0.08 0.00 0.00 0.00 0.00 0.00 0.00 0.00 0.00 0.00 0.03 0.05 0.04 0.01 0.00 0.00 0.00 0.00 0.00 0.00 0.00 0.00 0.00 0.00 0.00 0.00 0.03 0.11 0.76 0.98 1.00 0.98 0.93 0.65 0.17 0.00 0.00 0.00 0.00 0.00 0.00 
0.00 0.00 0.00 0.00 0.00 0.00 0.00 0.00 0.03 0.06 0.46 0.20 0.04 0.12 0.32 0.88 0.96 0.95 0.89 0.24 0.01 0.00 0.00 0.00 0.00 0.00 0.00 0.00 0.00 0.00 0.00 0.00 0.00 0.00 0.00 0.00 0.00 0.00 0.00 0.00 0.00 0.00 0.00 0.00 0.00 0.00 0.00 0.00 0.07 0.69 0.98 1.00 0.98 0.67 0.08 0.00 0.00 0.00 0.00 0.00 0.00 
0.00 0.00 0.00 0.01 0.03 0.05 0.00 0.01 0.20 0.14 0.42 0.05 0.01 0.01 0.03 0.27 0.67 0.62 0.85 0.33 0.04 0.00 0.00 0.00 0.00 0.00 0.00 0.00 0.00 0.00 0.00 0.00 0.00 0.00 0.00 0.00 0.00 0.00 0.00 0.00 0.00 0.00 0.00 0.00 0.00 0.00 0.00 0.00 0.03 0.35 0.93 0.98 1.00 0.98 0.75 0.14 0.01 0.00 0.00 0.00 0.00 
0.00 0.00 0.00 0.09 0.39 0.67 0.18 0.21 0.83 0.47 0.43 0.02 0.00 0.00 0.00 0.01 0.14 0.21 0.82 0.67 0.40 0.02 0.00 0.00 0.00 0.00 0.00 0.00 0.00 0.00 0.01 0.01 0.00 0.00 0.00 0.00 0.00 0.00 0.00 0.00 0.00 0.00 0.00 0.00 0.00 0.00 0.01 0.01 0.04 0.22 0.65 0.67 0.98 1.00 0.98 0.80 0.24 0.02 0.00 0.00 0.00 
0.00 0.00 0.09 0.76 0.96 0.93 0.40 0.14 0.45 0.04 0.02 0.00 0.00 0.00 0.00 0.00 0.00 0.01 0.15 0.22 0.26 0.03 0.00 0.00 0.00 0.00 0.00 0.00 0.04 0.01 0.07 0.03 0.00 0.00 0.00 0.00 0.00 0.00 0.00 0.00 0.00 0.00 0.00 0.00 0.00 0.00 0.01 0.00 0.02 0.04 0.17 0.08 0.75 0.98 1.00 0.98 0.76 0.27 0.03 0.00 0.00 
0.00 0.00 0.06 0.45 0.95 0.90 0.66 0.14 0.20 0.01 0.00 0.00 0.00 0.00 0.00 0.00 0.00 0.00 0.01 0.01 0.04 0.01 0.00 0.00 0.00 0.00 0.00 0.00 0.01 0.00 0.00 0.00 0.00 0.00 0.00 0.00 0.00 0.00 0.00 0.00 0.00 0.00 0.00 0.00 0.00 0.00 0.00 0.00 0.00 0.00 0.00 0.00 0.14 0.80 0.98 1.00 0.98 0.80 0.40 0.02 0.01 
0.01 0.00 0.03 0.20 0.92 0.95 0.97 0.50 0.24 0.01 0.00 0.00 0.00 0.00 0.00 0.00 0.00 0.00 0.00 0.01 0.06 0.03 0.01 0.00 0.00 0.00 0.00 0.00 0.00 0.00 0.00 0.00 0.00 0.00 0.00 0.00 0.00 0.00 0.00 0.00 0.00 0.00 0.00 0.00 0.00 0.00 0.00 0.00 0.00 0.00 0.00 0.00 0.01 0.24 0.76 0.98 1.00 0.98 0.86 0.24 0.25 
0.16 0.03 0.19 0.39 0.94 0.87 0.87 0.12 0.02 0.00 0.00 0.00 0.00 0.00 0.00 0.00 0.00 0.00 0.00 0.00 0.02 0.03 0.01 0.02 0.00 0.00 0.00 0.00 0.02 0.00 0.00 0.00 0.00 0.00 0.00 0.00 0.00 0.00 0.00 0.00 0.00 0.00 0.00 0.00 0.00 0.00 0.00 0.00 0.00 0.00 0.00 0.00 0.00 0.02 0.27 0.80 0.98 1.00 0.98 0.87 0.73 
0.10 0.01 0.07 0.07 0.45 0.15 0.18 0.00 0.00 0.00 0.00 0.00 0.00 0.00 0.00 0.00 0.00 0.00 0.00 0.00 0.00 0.00 0.00 0.00 0.00 0.00 0.00 0.00 0.00 0.00 0.00 0.00 0.00 0.00 0.00 0.00 0.00 0.00 0.00 0.00 0.00 0.00 0.00 0.00 0.00 0.00 0.00 0.00 0.00 0.00 0.00 0.00 0.00 0.00 0.03 0.40 0.86 0.98 1.00 0.98 0.88 
0.11 0.00 0.01 0.01 0.05 0.02 0.04 0.00 0.00 0.00 0.00 0.00 0.00 0.00 0.00 0.00 0.00 0.00 0.00 0.00 0.00 0.00 0.00 0.00 0.00 0.00 0.00 0.00 0.00 0.00 0.00 0.00 0.00 0.00 0.00 0.00 0.00 0.00 0.00 0.00 0.00 0.00 0.00 0.00 0.00 0.00 0.00 0.00 0.00 0.00 0.00 0.00 0.00 0.00 0.00 0.02 0.24 0.87 0.98 1.00 0.98 
0.01 0.00 0.00 0.00 0.01 0.01 0.11 0.00 0.00 0.00 0.00 0.00 0.00 0.00 0.00 0.00 0.00 0.00 0.00 0.00 0.00 0.00 0.00 0.00 0.00 0.00 0.00 0.00 0.00 0.00 0.00 0.00 0.00 0.00 0.00 0.00 0.00 0.00 0.00 0.00 0.00 0.00 0.00 0.00 0.00 0.00 0.00 0.00 0.00 0.00 0.00 0.00 0.00 0.00 0.00 0.01 0.25 0.73 0.88 0.98 1.00 
